-----------------A.1-----------------
A=
[ -0.999984,   -0.736924,    0.511211,  
-0.0826997,   0.0655345,   -0.562082,  
 -0.905911,    0.357729,    0.358593,  
  0.869386,   -0.232996,   0.0388327,  
]
Q=
[ -0.622164,   -0.778615,  0.00400791,  
-0.0514536,   0.0853562,   -0.879451,  
 -0.563634,    0.508601,    0.366873,  
  0.540909,    -0.35749,    0.303239,  
]
R=
[   1.60727,    0.127458,   -0.470246,  
         0,    0.844609,   -0.277515,  
         0,           0,    0.639706,  
]
R is upper triangular. Tolorance:     0.0001.
Q^TQ=
[         1,  2.77556e-17,  2.77556e-17,  
         0,           1,  -6.93889e-17,  
         0,           0,           1,  
]
Q^T Q==I. Tolorance:      0.001
QR=
[ -0.999984,   -0.736924,    0.511211,  
-0.0826997,   0.0655345,   -0.562082,  
 -0.905911,    0.357729,    0.358593,  
  0.869386,   -0.232996,   0.0388327,  
]
A=
[ -0.999984,   -0.736924,    0.511211,  
-0.0826997,   0.0655345,   -0.562082,  
 -0.905911,    0.357729,    0.358593,  
  0.869386,   -0.232996,   0.0388327,  
]
QR==A. Tolorance:      0.001
----------------A.2-----------------
A and b before Decomp.
A=
[         0,     -2.0039,  4.94066e-323,  6.93552e-310,  
6.93552e-310,  4.94066e-324,           0,           0,  
3.45846e-323,           0,  0.00400791,  -0.0514536,  
 0.0853562,   -0.879451,   -0.563634,    0.508601,  
]
b=
[         0
         0
  -0.35749
3.34779e-309
]
Q=
[         0,          -1,           0,  -1.80771e-16,  
8.12538e-309,  3.56599e-309,  1.14268e-306,           1,  
4.05134e-322,  1.77864e-322,           1,           0,  
         1,           0,           0,           0,  
]
R=
[ 0.0853562,   -0.879451,   -0.563634,    0.508601,  
 0.0655345,      2.0039,  -4.94066e-323,  -6.93552e-310,  
  0.358593,    0.869386,  0.00400791,  -0.0514536,  
         0,           0,  1.4822e-323,  5.46622e-308,  
]
x=
[  -588.989
-2.23318e-321
   -89.196
         0
]
b=
[         0
         0
  -0.35749
3.34779e-309
]
Ax=
[6.91692e-323
-4.08495e-307
  -0.35749
-7.10543e-15
]
Ax==b. Tolorance:      0.001
-------------------B----------------------
A before decomp.
A=
[  0.661931,   -0.930856,   -0.893077,   0.0594004,  
  0.342299,   -0.984604,   -0.233169,   -0.866316,  
 -0.165028,    0.373545,    0.177953,    0.860873,  
  0.692334,   0.0538576,    -0.81607,    0.307838,  
]
B=
[  -3.46882,     5.02454,     4.12955,     3.26103,  
 -0.747023,    -0.57414,   -0.813764,    0.804108,  
  -2.89499,     4.34343,     4.00723,     1.57559,  
  0.257607,    0.314482,       1.478,  -0.0494754,  
]
AB=
[         1,   6.245e-16,  5.27356e-16,  2.35055e-16,  
 2.498e-16,           1,  -2.22045e-16,  2.22045e-16,  
6.66134e-16,  -2.22045e-16,           1,  4.16334e-17,  
1.38778e-17,  3.88578e-16,  -2.22045e-16,           1,  
]
BA=
[         1,  -4.996e-15,  -6.21725e-15,  -8.88178e-16,  
-4.44089e-16,           1,  4.44089e-16,  -3.33067e-16,  
3.77476e-15,  -3.64986e-15,           1,  2.77556e-16,  
7.14706e-16,  -7.8583e-16,  -9.15934e-16,           1,  
]
AB==BA. Tolorance:      0.001
AB==I. Tolorance:      0.001
-----------------C----------------------
The data file is created
