         1          0    1.2e-05
         8      1e-06    1.7e-05
        27      1e-06          0
        64          0      1e-06
       125      1e-06      1e-06
       216      1e-06      1e-06
       343      1e-06      2e-06
       512      2e-06      1e-06
       729      2e-06      1e-06
      1000      3e-06      2e-06
      1331      3e-06      2e-06
      1728      4e-06      3e-06
      2197      4e-06      3e-06
      2744      7e-06      4e-06
      3375      7e-06      4e-06
      4096      8e-06      4e-06
      4913      9e-06      5e-06
      5832    1.1e-05      5e-06
      6859    1.2e-05      7e-06
      8000    1.5e-05      7e-06
      9261    1.6e-05      8e-06
     10648    1.9e-05      8e-06
     12167    1.9e-05    1.1e-05
     13824    2.1e-05    1.1e-05
     15625    2.4e-05    1.2e-05
     17576    2.9e-05    1.3e-05
     19683      3e-05    1.4e-05
     21952    3.6e-05    1.6e-05
     24389    3.5e-05    1.8e-05
     27000    4.4e-05    1.8e-05
     29791    4.2e-05      2e-05
     32768    4.6e-05    2.2e-05
     35937    5.4e-05    2.4e-05
     39304    5.6e-05    2.5e-05
     42875      6e-05    2.8e-05
     46656    6.5e-05      3e-05
     50653    7.5e-05    3.2e-05
     54872    7.5e-05    3.5e-05
     59319      8e-05    3.7e-05
     64000    8.7e-05    3.8e-05
     68921   0.000114    3.9e-05
     74088      9e-05      4e-05
     79507    9.7e-05    4.3e-05
     85184   0.000107    4.7e-05
     91125   0.000117    5.2e-05
     97336   0.000119    5.2e-05
    103823   0.000124    5.5e-05
    110592   0.000132    5.7e-05
    117649   0.000149      6e-05
    125000   0.000149    6.5e-05
    132651   0.000165    7.1e-05
    140608   0.000173    7.1e-05
    148877   0.000194    7.4e-05
    157464   0.000201   0.000118
    166375   0.000221    8.3e-05
    175616   0.000207    8.7e-05
    185193   0.000241    9.3e-05
    195112   0.000335    0.00016
    205379   0.000415   0.000163
    216000   0.000305   0.000195
    226981   0.000261   0.000109
    238328   0.000273   0.000113
    250047   0.000285   0.000121
    262144     0.0003   0.000124
    274625   0.000328   0.000128
    287496   0.000326   0.000133
    300763    0.00034   0.000139
    314432   0.000377   0.000148
    328509   0.000448   0.000257
    343000   0.000505   0.000273
    357911   0.000599   0.000287
    373248   0.000717   0.000274
    389017   0.000448   0.000178
    405224   0.000456   0.000187
    421875   0.000758   0.000295
    438976    0.00063   0.000267
    456533   0.000648    0.00027
    474552   0.000825   0.000369
    493039   0.000601   0.000229
    512000   0.000627   0.000231
    531441   0.000589   0.000242
    551368   0.000644    0.00025
    571787   0.000632   0.000259
    592704   0.000654   0.000273
    614125   0.000782   0.000287
    636056   0.000835    0.00049
    658503   0.000881   0.000369
    681472    0.00099    0.00032
    704969   0.000783   0.000328
    729000   0.000812   0.000384
    753571   0.000862   0.000344
    778688   0.000852   0.000364
    804357   0.000918   0.000362
    830584   0.001024    0.00063
    857375   0.001468   0.000708
    884736   0.001146   0.000406
    912673   0.001099   0.000409
    941192   0.001098   0.000417
    970299   0.001165   0.000442
     1e+06   0.001166   0.000446
1.0303e+06   0.001196   0.000468
1.06121e+06   0.001265   0.000477
1.09273e+06   0.001266   0.000494
1.12486e+06   0.001335   0.000501
1.15762e+06    0.00134   0.000516
1.19102e+06   0.001396   0.000531
1.22504e+06    0.00149   0.000604
1.25971e+06   0.001462    0.00056
1.29503e+06   0.001543   0.000579
 1.331e+06   0.001545    0.00059
1.36763e+06   0.001624   0.000626
1.40493e+06   0.001622   0.000625
1.4429e+06    0.00171   0.000684
1.48154e+06   0.001765   0.000739
1.52088e+06   0.001863   0.000674
1.5609e+06   0.002161   0.000696
1.60161e+06   0.001874   0.000714
1.64303e+06   0.001984   0.000742
1.68516e+06   0.001923    0.00075
 1.728e+06   0.002012    0.00077
1.77156e+06    0.00201   0.000817
1.81585e+06   0.002151   0.000814
1.86087e+06   0.002106   0.000829
1.90662e+06   0.002215    0.00085
1.95312e+06    0.00234   0.000876
2.00038e+06   0.002481   0.000907
2.04838e+06    0.00241   0.000925
2.09715e+06   0.004146    0.00102
2.14669e+06   0.002506   0.000941
 2.197e+06   0.002611   0.000983
2.24809e+06   0.002617   0.001004
2.29997e+06   0.002653   0.001014
2.35264e+06   0.002649   0.001056
2.4061e+06    0.00276    0.00106
2.46038e+06   0.002756   0.001078
2.51546e+06   0.002899   0.001116
2.57135e+06   0.002955   0.001144
2.62807e+06   0.003208   0.001199
2.68562e+06   0.003076   0.002097
 2.744e+06   0.003358   0.001377
2.80322e+06   0.003358   0.001328
2.86329e+06   0.003387    0.00127
2.92421e+06   0.003293     0.0013
2.98598e+06   0.003527   0.001321
3.04862e+06   0.003471    0.00137
3.11214e+06    0.00346   0.001417
3.17652e+06   0.003604   0.001391
3.24179e+06   0.003599   0.001412
3.30795e+06   0.003756   0.001442
 3.375e+06   0.003757   0.001468
3.44295e+06    0.00394   0.001515
3.51181e+06   0.004284    0.00156
3.58158e+06   0.004197   0.001622
3.65226e+06    0.00427   0.001586
3.72388e+06   0.004171   0.001631
3.79642e+06   0.004308    0.00165
3.86989e+06   0.004358   0.001673
3.94431e+06    0.00436   0.001709
4.01968e+06   0.004522   0.001745
 4.096e+06   0.006261   0.001793
4.17328e+06   0.004677   0.001812
4.25153e+06   0.004828   0.001859
4.33075e+06   0.004816   0.001878
4.41094e+06   0.004942   0.001926
4.49212e+06    0.00506    0.00193
4.5743e+06   0.005026   0.002008
4.65746e+06   0.005208    0.00202
4.74163e+06   0.005292   0.002121
4.82681e+06   0.005296   0.002099
 4.913e+06   0.005496   0.002126
5.00021e+06   0.006025    0.00222
5.08845e+06   0.005599   0.002241
5.17772e+06   0.006512   0.003634
5.26802e+06   0.006279   0.002298
5.35938e+06   0.006385   0.003134
5.45178e+06   0.007852   0.002478
5.54523e+06    0.00673   0.003145
5.63975e+06   0.006359   0.002458
5.73534e+06    0.00676   0.002552
 5.832e+06   0.006793   0.002505
5.92974e+06   0.007666   0.003009
6.02857e+06    0.00671   0.002663
6.12849e+06   0.007042   0.003213
6.2295e+06   0.007177   0.003381
6.33162e+06   0.007216    0.00274
6.43486e+06   0.007186   0.002781
6.5392e+06   0.007246   0.002795
6.64467e+06   0.007417   0.002863
6.75127e+06   0.007351   0.002881
 6.859e+06   0.007624   0.002946
6.96787e+06   0.007763   0.002991
7.07789e+06   0.010927   0.003052
7.18906e+06   0.007968   0.003065
7.30138e+06   0.008115   0.003136
7.41488e+06   0.008711   0.003211
7.52954e+06   0.008364   0.003258
7.64537e+06   0.008556   0.003278
7.76239e+06   0.008678   0.003328
7.8806e+06   0.009192   0.003355
