------------------ Exercise A ------------------
The Rosen.-function, with initial guess,          0 and          0
Calculated minima at (x,y)=(  0.015625, -0.015625)
The Himmelb.-function, with initial guess,        2.8 and        1.8
Minima at (x,y)=(   2.53616, -0.276997)
------------------- Exercise B ------------------



# Higgsfit
       101      -0.25          2  0.0140263
       103       -0.3          2  0.0165304
       105      -0.15        1.9  0.0197692
       107      -1.71        1.9  0.0240608
       109       0.81        1.9   0.029915
       111       0.65        1.9  0.0381918
       113      -0.91        1.9  0.0504336
       115       0.91        1.9  0.0696311
       117       0.96        1.6   0.102212
       119      -2.52        1.6   0.164076
       121      -1.01        1.6   0.303516
       123       2.01        1.6   0.722746
       125       4.83        1.6     2.7671
       127       4.58        1.6     4.3849
       129       1.26        1.3    1.01666
       131       1.01        1.3   0.380509
       133      -1.26        1.3   0.193746
       135       0.45        1.3   0.116501
       137       0.15        1.3  0.0775511
       139      -0.91        1.3  0.0552647
       141      -0.81        1.1  0.0413503
       143      -1.41        1.1   0.032091
       145       1.36        1.1  0.0256226
       147        0.5        1.1  0.0209277
       149      -0.45        1.1  0.0174131
       151       1.61        1.1  0.0147142
       153      -2.21        1.1  0.0125971
       155      -1.86        0.9  0.0109058
       157       1.76        0.9 0.00953337
       159       -0.5        0.9 0.00840452
