        -4  -0.653644
  -3.99688  -0.655516
  -3.99375  -0.657388
  -3.99063   -0.65926
   -3.9875  -0.661132
  -3.98438  -0.663004
  -3.98125  -0.664876
  -3.97813  -0.666748
    -3.975   -0.66862
  -3.97188  -0.670492
  -3.96875  -0.672364
  -3.96563  -0.674236
   -3.9625  -0.676108
  -3.95938   -0.67798
  -3.95625  -0.679852
  -3.95313  -0.681724
     -3.95  -0.683596
  -3.94688  -0.685468
  -3.94375   -0.68734
  -3.94063  -0.689212
   -3.9375  -0.691084
  -3.93438  -0.692956
  -3.93125  -0.694828
  -3.92813    -0.6967
    -3.925  -0.698572
  -3.92188  -0.700444
  -3.91875  -0.702316
  -3.91563  -0.704188
   -3.9125  -0.706061
  -3.90938  -0.707933
  -3.90625  -0.709805
  -3.90313  -0.711677
      -3.9  -0.713549
  -3.89688  -0.715421
  -3.89375  -0.717293
  -3.89063  -0.719165
   -3.8875  -0.721037
  -3.88438  -0.722909
  -3.88125  -0.724781
  -3.87813  -0.726653
    -3.875  -0.728525
  -3.87188  -0.730397
  -3.86875  -0.732269
  -3.86563  -0.734141
   -3.8625  -0.736013
  -3.85938  -0.737885
  -3.85625  -0.739757
  -3.85313  -0.741629
     -3.85  -0.743501
  -3.84688  -0.745373
  -3.84375  -0.747245
  -3.84063  -0.749117
   -3.8375  -0.750989
  -3.83438  -0.752861
  -3.83125  -0.754733
  -3.82813  -0.756605
    -3.825  -0.758477
  -3.82188  -0.760349
  -3.81875  -0.762221
  -3.81563  -0.764093
   -3.8125  -0.765966
  -3.80938  -0.767838
  -3.80625   -0.76971
  -3.80313  -0.771582
      -3.8  -0.773454
  -3.79688  -0.775326
  -3.79375  -0.777198
  -3.79063   -0.77907
   -3.7875  -0.780942
  -3.78438  -0.782814
  -3.78125  -0.784686
  -3.77813  -0.786558
    -3.775   -0.78843
  -3.77188  -0.790302
  -3.76875  -0.792174
  -3.76563  -0.794046
   -3.7625  -0.795918
  -3.75938   -0.79779
  -3.75625  -0.799662
  -3.75313  -0.801534
     -3.75  -0.803406
  -3.74688  -0.805278
  -3.74375   -0.80715
  -3.74063  -0.809022
   -3.7375  -0.810894
  -3.73438  -0.812766
  -3.73125  -0.814638
  -3.72813   -0.81651
    -3.725  -0.818382
  -3.72188  -0.820254
  -3.71875  -0.822126
  -3.71563  -0.823998
   -3.7125  -0.825871
  -3.70938  -0.827743
  -3.70625  -0.829615
  -3.70313  -0.831487
      -3.7  -0.833359
  -3.69688  -0.835231
  -3.69375  -0.837103
  -3.69063  -0.838975
   -3.6875  -0.840847
  -3.68438  -0.842719
  -3.68125  -0.844591
  -3.67813  -0.846463
    -3.675  -0.848335
  -3.67188  -0.850207
  -3.66875  -0.852079
  -3.66563  -0.853951
   -3.6625  -0.855823
  -3.65938  -0.857695
  -3.65625  -0.859567
  -3.65313  -0.861439
     -3.65  -0.863311
  -3.64688  -0.865183
  -3.64375  -0.867055
  -3.64063  -0.868927
   -3.6375  -0.870799
  -3.63438  -0.872671
  -3.63125  -0.874543
  -3.62813  -0.876415
    -3.625  -0.878287
  -3.62188  -0.880159
  -3.61875  -0.882031
  -3.61563  -0.883903
   -3.6125  -0.885776
  -3.60938  -0.887648
  -3.60625   -0.88952
  -3.60313  -0.891392
      -3.6  -0.893264
  -3.59688  -0.895136
  -3.59375  -0.897008
  -3.59063   -0.89888
   -3.5875  -0.900752
  -3.58438  -0.902624
  -3.58125  -0.904496
  -3.57813  -0.906059
    -3.575  -0.906756
  -3.57188  -0.907454
  -3.56875  -0.908152
  -3.56563  -0.908849
   -3.5625  -0.909547
  -3.55938  -0.910244
  -3.55625  -0.910942
  -3.55313   -0.91164
     -3.55  -0.912337
  -3.54688  -0.913035
  -3.54375  -0.913732
  -3.54063   -0.91443
   -3.5375  -0.915128
  -3.53438  -0.915825
  -3.53125  -0.916523
  -3.52813   -0.91722
    -3.525  -0.917918
  -3.52188  -0.918616
  -3.51875  -0.919313
  -3.51563  -0.920011
   -3.5125  -0.920708
  -3.50938  -0.921406
  -3.50625  -0.922104
  -3.50313  -0.922801
      -3.5  -0.923499
  -3.49688  -0.924196
  -3.49375  -0.924894
  -3.49063  -0.925591
   -3.4875  -0.926289
  -3.48438  -0.926987
  -3.48125  -0.927684
  -3.47813  -0.928382
    -3.475  -0.929079
  -3.47188  -0.929777
  -3.46875  -0.930475
  -3.46563  -0.931172
   -3.4625   -0.93187
  -3.45938  -0.932567
  -3.45625  -0.933265
  -3.45313  -0.933963
     -3.45   -0.93466
  -3.44688  -0.935358
  -3.44375  -0.936055
  -3.44063  -0.936753
   -3.4375  -0.937451
  -3.43438  -0.938148
  -3.43125  -0.938846
  -3.42813  -0.939543
    -3.425  -0.940241
  -3.42188  -0.940939
  -3.41875  -0.941636
  -3.41563  -0.942334
   -3.4125  -0.943031
  -3.40938  -0.943729
  -3.40625  -0.944427
  -3.40313  -0.945124
      -3.4  -0.945822
  -3.39688  -0.946519
  -3.39375  -0.947217
  -3.39063  -0.947915
   -3.3875  -0.948612
  -3.38438   -0.94931
  -3.38125  -0.950007
  -3.37813  -0.950705
    -3.375  -0.951403
  -3.37188    -0.9521
  -3.36875  -0.952798
  -3.36563  -0.953495
   -3.3625  -0.954193
  -3.35938  -0.954891
  -3.35625  -0.955588
  -3.35313  -0.956286
     -3.35  -0.956983
  -3.34688  -0.957681
  -3.34375  -0.958379
  -3.34063  -0.959076
   -3.3375  -0.959774
  -3.33438  -0.960471
  -3.33125  -0.961169
  -3.32813  -0.961866
    -3.325  -0.962564
  -3.32188  -0.963262
  -3.31875  -0.963959
  -3.31563  -0.964657
   -3.3125  -0.965354
  -3.30938  -0.966052
  -3.30625   -0.96675
  -3.30313  -0.967447
      -3.3  -0.968145
  -3.29688  -0.968842
  -3.29375   -0.96954
  -3.29063  -0.970238
   -3.2875  -0.970935
  -3.28438  -0.971633
  -3.28125   -0.97233
  -3.27813  -0.973028
    -3.275  -0.973726
  -3.27188  -0.974423
  -3.26875  -0.975121
  -3.26563  -0.975818
   -3.2625  -0.976516
  -3.25938  -0.977214
  -3.25625  -0.977911
  -3.25313  -0.978609
     -3.25  -0.979306
  -3.24688  -0.980004
  -3.24375  -0.980702
  -3.24063  -0.981399
   -3.2375  -0.982097
  -3.23438  -0.982794
  -3.23125  -0.983492
  -3.22813   -0.98419
    -3.225  -0.984887
  -3.22188  -0.985585
  -3.21875  -0.986282
  -3.21563   -0.98698
   -3.2125  -0.987678
  -3.20938  -0.988375
  -3.20625  -0.989073
  -3.20313   -0.98977
      -3.2  -0.990468
  -3.19688  -0.991166
  -3.19375  -0.991863
  -3.19063  -0.992561
   -3.1875  -0.993258
  -3.18438  -0.993956
  -3.18125  -0.994654
  -3.17813  -0.995351
    -3.175  -0.996049
  -3.17188  -0.996746
  -3.16875  -0.997444
  -3.16563  -0.998141
   -3.1625  -0.998839
  -3.15938  -0.999537
  -3.15625  -0.999552
  -3.15313  -0.998953
     -3.15  -0.998355
  -3.14688  -0.997756
  -3.14375  -0.997157
  -3.14063  -0.996559
   -3.1375   -0.99596
  -3.13438  -0.995361
  -3.13125  -0.994762
  -3.12813  -0.994164
    -3.125  -0.993565
  -3.12188  -0.992966
  -3.11875  -0.992368
  -3.11563  -0.991769
   -3.1125   -0.99117
  -3.10938  -0.990572
  -3.10625  -0.989973
  -3.10313  -0.989374
      -3.1  -0.988775
  -3.09688  -0.988177
  -3.09375  -0.987578
  -3.09063  -0.986979
   -3.0875  -0.986381
  -3.08438  -0.985782
  -3.08125  -0.985183
  -3.07813  -0.984585
    -3.075  -0.983986
  -3.07188  -0.983387
  -3.06875  -0.982789
  -3.06563   -0.98219
   -3.0625  -0.981591
  -3.05938  -0.980992
  -3.05625  -0.980394
  -3.05313  -0.979795
     -3.05  -0.979196
  -3.04688  -0.978598
  -3.04375  -0.977999
  -3.04063    -0.9774
   -3.0375  -0.976802
  -3.03438  -0.976203
  -3.03125  -0.975604
  -3.02813  -0.975005
    -3.025  -0.974407
  -3.02188  -0.973808
  -3.01875  -0.973209
  -3.01563  -0.972611
   -3.0125  -0.972012
  -3.00938  -0.971413
  -3.00625  -0.970815
  -3.00313  -0.970216
        -3  -0.969617
  -2.99688  -0.969019
  -2.99375   -0.96842
  -2.99063  -0.967821
   -2.9875  -0.967222
  -2.98438  -0.966624
  -2.98125  -0.966025
  -2.97813  -0.965426
    -2.975  -0.964828
  -2.97188  -0.964229
  -2.96875   -0.96363
  -2.96563  -0.963032
   -2.9625  -0.962433
  -2.95938  -0.961834
  -2.95625  -0.961235
  -2.95313  -0.960637
     -2.95  -0.960038
  -2.94688  -0.959439
  -2.94375  -0.958841
  -2.94063  -0.958242
   -2.9375  -0.957643
  -2.93438  -0.957045
  -2.93125  -0.956446
  -2.92813  -0.955847
    -2.925  -0.955248
  -2.92188   -0.95465
  -2.91875  -0.954051
  -2.91563  -0.953452
   -2.9125  -0.952854
  -2.90938  -0.952255
  -2.90625  -0.951656
  -2.90313  -0.951058
      -2.9  -0.950459
  -2.89688   -0.94986
  -2.89375  -0.949262
  -2.89063  -0.948663
   -2.8875  -0.948064
  -2.88438  -0.947465
  -2.88125  -0.946867
  -2.87813  -0.946268
    -2.875  -0.945669
  -2.87188  -0.945071
  -2.86875  -0.944472
  -2.86563  -0.943873
   -2.8625  -0.943275
  -2.85938  -0.942676
  -2.85625  -0.942077
  -2.85313  -0.941478
     -2.85   -0.94088
  -2.84688  -0.940281
  -2.84375  -0.939682
  -2.84063  -0.939084
   -2.8375  -0.938485
  -2.83438  -0.937886
  -2.83125  -0.937288
  -2.82813  -0.936689
    -2.825   -0.93609
  -2.82188  -0.935492
  -2.81875  -0.934893
  -2.81563  -0.934294
   -2.8125  -0.933695
  -2.80938  -0.933097
  -2.80625  -0.932498
  -2.80313  -0.931899
      -2.8  -0.931301
  -2.79688  -0.930702
  -2.79375  -0.930103
  -2.79063  -0.929505
   -2.7875  -0.928906
  -2.78438  -0.928307
  -2.78125  -0.927708
  -2.77813   -0.92711
    -2.775  -0.926511
  -2.77188  -0.925912
  -2.76875  -0.925314
  -2.76563  -0.924715
   -2.7625  -0.924116
  -2.75938  -0.923518
  -2.75625  -0.922919
  -2.75313   -0.92232
     -2.75  -0.921721
  -2.74688  -0.921123
  -2.74375  -0.920524
  -2.74063  -0.919925
   -2.7375  -0.919327
  -2.73438  -0.917787
  -2.73125  -0.915997
  -2.72813  -0.914206
    -2.725  -0.912416
  -2.72188  -0.910626
  -2.71875  -0.908835
  -2.71563  -0.907045
   -2.7125  -0.905254
  -2.70938  -0.903464
  -2.70625  -0.901674
  -2.70313  -0.899883
      -2.7  -0.898093
  -2.69688  -0.896302
  -2.69375  -0.894512
  -2.69063  -0.892721
   -2.6875  -0.890931
  -2.68438  -0.889141
  -2.68125   -0.88735
  -2.67813   -0.88556
    -2.675  -0.883769
  -2.67188  -0.881979
  -2.66875  -0.880189
  -2.66563  -0.878398
   -2.6625  -0.876608
  -2.65938  -0.874817
  -2.65625  -0.873027
  -2.65313  -0.871237
     -2.65  -0.869446
  -2.64688  -0.867656
  -2.64375  -0.865865
  -2.64063  -0.864075
   -2.6375  -0.862285
  -2.63438  -0.860494
  -2.63125  -0.858704
  -2.62813  -0.856913
    -2.625  -0.855123
  -2.62188  -0.853332
  -2.61875  -0.851542
  -2.61563  -0.849752
   -2.6125  -0.847961
  -2.60938  -0.846171
  -2.60625   -0.84438
  -2.60313   -0.84259
      -2.6    -0.8408
  -2.59688  -0.839009
  -2.59375  -0.837219
  -2.59063  -0.835428
   -2.5875  -0.833638
  -2.58438  -0.831848
  -2.58125  -0.830057
  -2.57813  -0.828267
    -2.575  -0.826476
  -2.57188  -0.824686
  -2.56875  -0.822896
  -2.56563  -0.821105
   -2.5625  -0.819315
  -2.55938  -0.817524
  -2.55625  -0.815734
  -2.55313  -0.813944
     -2.55  -0.812153
  -2.54688  -0.810363
  -2.54375  -0.808572
  -2.54063  -0.806782
   -2.5375  -0.804991
  -2.53438  -0.803201
  -2.53125  -0.801411
  -2.52813   -0.79962
    -2.525   -0.79783
  -2.52188  -0.796039
  -2.51875  -0.794249
  -2.51563  -0.792459
   -2.5125  -0.790668
  -2.50938  -0.788878
  -2.50625  -0.787087
  -2.50313  -0.785297
      -2.5  -0.783507
  -2.49688  -0.781716
  -2.49375  -0.779926
  -2.49063  -0.778135
   -2.4875  -0.776345
  -2.48438  -0.774555
  -2.48125  -0.772764
  -2.47813  -0.770974
    -2.475  -0.769183
  -2.47188  -0.767393
  -2.46875  -0.765603
  -2.46563  -0.763812
   -2.4625  -0.762022
  -2.45938  -0.760231
  -2.45625  -0.758441
  -2.45313   -0.75665
     -2.45   -0.75486
  -2.44688   -0.75307
  -2.44375  -0.751279
  -2.44063  -0.749489
   -2.4375  -0.747698
  -2.43438  -0.745908
  -2.43125  -0.744118
  -2.42813  -0.742327
    -2.425  -0.740537
  -2.42188  -0.738746
  -2.41875  -0.736956
  -2.41563  -0.735166
   -2.4125  -0.733375
  -2.40938  -0.731585
  -2.40625  -0.729794
  -2.40313  -0.728004
      -2.4  -0.726214
  -2.39688  -0.724423
  -2.39375  -0.722633
  -2.39063  -0.720842
   -2.3875  -0.719052
  -2.38438  -0.717262
  -2.38125  -0.715471
  -2.37813  -0.713681
    -2.375   -0.71189
  -2.37188    -0.7101
  -2.36875  -0.708309
  -2.36563  -0.706519
   -2.3625  -0.704729
  -2.35938  -0.702938
  -2.35625  -0.701148
  -2.35313  -0.699357
     -2.35  -0.697567
  -2.34688  -0.695777
  -2.34375  -0.693986
  -2.34063  -0.692196
   -2.3375  -0.690405
  -2.33438  -0.688615
  -2.33125  -0.686825
  -2.32813  -0.685034
    -2.325  -0.683244
  -2.32188  -0.681453
  -2.31875  -0.679663
  -2.31563  -0.677826
   -2.3125  -0.675157
  -2.30938  -0.672488
  -2.30625  -0.669818
  -2.30313  -0.667149
      -2.3  -0.664479
  -2.29688   -0.66181
  -2.29375  -0.659141
  -2.29063  -0.656471
   -2.2875  -0.653802
  -2.28438  -0.651133
  -2.28125  -0.648463
  -2.27813  -0.645794
    -2.275  -0.643124
  -2.27188  -0.640455
  -2.26875  -0.637786
  -2.26563  -0.635116
   -2.2625  -0.632447
  -2.25938  -0.629778
  -2.25625  -0.627108
  -2.25313  -0.624439
     -2.25   -0.62177
  -2.24688    -0.6191
  -2.24375  -0.616431
  -2.24063  -0.613761
   -2.2375  -0.611092
  -2.23438  -0.608423
  -2.23125  -0.605753
  -2.22813  -0.603084
    -2.225  -0.600415
  -2.22188  -0.597745
  -2.21875  -0.595076
  -2.21563  -0.592407
   -2.2125  -0.589737
  -2.20938  -0.587068
  -2.20625  -0.584398
  -2.20313  -0.581729
      -2.2   -0.57906
  -2.19688   -0.57639
  -2.19375  -0.573721
  -2.19063  -0.571052
   -2.1875  -0.568382
  -2.18438  -0.565713
  -2.18125  -0.563043
  -2.17813  -0.560374
    -2.175  -0.557705
  -2.17188  -0.555035
  -2.16875  -0.552366
  -2.16563  -0.549697
   -2.1625  -0.547027
  -2.15938  -0.544358
  -2.15625  -0.541689
  -2.15313  -0.539019
     -2.15   -0.53635
  -2.14688   -0.53368
  -2.14375  -0.531011
  -2.14063  -0.528342
   -2.1375  -0.525672
  -2.13438  -0.523003
  -2.13125  -0.520334
  -2.12813  -0.517664
    -2.125  -0.514995
  -2.12188  -0.512325
  -2.11875  -0.509656
  -2.11563  -0.506987
   -2.1125  -0.504317
  -2.10938  -0.501648
  -2.10625  -0.498979
  -2.10313  -0.496309
      -2.1   -0.49364
  -2.09688  -0.490971
  -2.09375  -0.488301
  -2.09063  -0.485632
   -2.0875  -0.482962
  -2.08438  -0.480293
  -2.08125  -0.477624
  -2.07813  -0.474954
    -2.075  -0.472285
  -2.07188  -0.469616
  -2.06875  -0.466946
  -2.06563  -0.464277
   -2.0625  -0.461607
  -2.05938  -0.458938
  -2.05625  -0.456269
  -2.05313  -0.453599
     -2.05   -0.45093
  -2.04688  -0.448261
  -2.04375  -0.445591
  -2.04063  -0.442922
   -2.0375  -0.440253
  -2.03438  -0.437583
  -2.03125  -0.434914
  -2.02813  -0.432244
    -2.025  -0.429575
  -2.02188  -0.426906
  -2.01875  -0.424236
  -2.01563  -0.421567
   -2.0125  -0.418898
  -2.00938  -0.416228
  -2.00625  -0.413559
  -2.00313   -0.41089
        -2   -0.40822
  -1.99688  -0.405551
  -1.99375  -0.402881
  -1.99063  -0.400212
   -1.9875  -0.397543
  -1.98438  -0.394873
  -1.98125  -0.392204
  -1.97813  -0.389535
    -1.975  -0.386865
  -1.97188  -0.384196
  -1.96875  -0.381526
  -1.96563  -0.378857
   -1.9625  -0.376188
  -1.95938  -0.373518
  -1.95625  -0.370849
  -1.95313   -0.36818
     -1.95   -0.36551
  -1.94688  -0.362841
  -1.94375  -0.360172
  -1.94063  -0.357502
   -1.9375  -0.354833
  -1.93438  -0.352163
  -1.93125  -0.349494
  -1.92813  -0.346825
    -1.925  -0.344155
  -1.92188  -0.341486
  -1.91875  -0.338817
  -1.91563  -0.336147
   -1.9125  -0.333478
  -1.90938  -0.330808
  -1.90625  -0.328139
  -1.90313   -0.32547
      -1.9    -0.3228
  -1.89688  -0.320131
  -1.89375  -0.317331
  -1.89063  -0.314249
   -1.8875  -0.311167
  -1.88438  -0.308085
  -1.88125  -0.305003
  -1.87813  -0.301921
    -1.875  -0.298839
  -1.87188  -0.295757
  -1.86875  -0.292675
  -1.86563  -0.289593
   -1.8625  -0.286511
  -1.85938  -0.283429
  -1.85625  -0.280347
  -1.85313  -0.277265
     -1.85  -0.274183
  -1.84688  -0.271101
  -1.84375  -0.268019
  -1.84063  -0.264937
   -1.8375  -0.261855
  -1.83438  -0.258773
  -1.83125  -0.255691
  -1.82813  -0.252609
    -1.825  -0.249526
  -1.82188  -0.246444
  -1.81875  -0.243362
  -1.81563   -0.24028
   -1.8125  -0.237198
  -1.80938  -0.234116
  -1.80625  -0.231034
  -1.80313  -0.227952
      -1.8   -0.22487
  -1.79688  -0.221788
  -1.79375  -0.218706
  -1.79063  -0.215624
   -1.7875  -0.212542
  -1.78438   -0.20946
  -1.78125  -0.206378
  -1.77813  -0.203296
    -1.775  -0.200214
  -1.77188  -0.197132
  -1.76875   -0.19405
  -1.76563  -0.190968
   -1.7625  -0.187886
  -1.75938  -0.184804
  -1.75625  -0.181722
  -1.75313   -0.17864
     -1.75  -0.175558
  -1.74688  -0.172476
  -1.74375  -0.169393
  -1.74063  -0.166311
   -1.7375  -0.163229
  -1.73438  -0.160147
  -1.73125  -0.157065
  -1.72813  -0.153983
    -1.725  -0.150901
  -1.72188  -0.147819
  -1.71875  -0.144737
  -1.71563  -0.141655
   -1.7125  -0.138573
  -1.70938  -0.135491
  -1.70625  -0.132409
  -1.70313  -0.129327
      -1.7  -0.126245
  -1.69688  -0.123163
  -1.69375  -0.120081
  -1.69063  -0.116999
   -1.6875  -0.113917
  -1.68438  -0.110835
  -1.68125  -0.107753
  -1.67813  -0.104671
    -1.675  -0.101589
  -1.67188 -0.0985066
  -1.66875 -0.0954245
  -1.66563 -0.0923425
   -1.6625 -0.0892605
  -1.65938 -0.0861784
  -1.65625 -0.0830964
  -1.65313 -0.0800143
     -1.65 -0.0769323
  -1.64688 -0.0738503
  -1.64375 -0.0707682
  -1.64063 -0.0676862
   -1.6375 -0.0646042
  -1.63438 -0.0615221
  -1.63125 -0.0584401
  -1.62813  -0.055358
    -1.625  -0.052276
  -1.62188  -0.049194
  -1.61875 -0.0461119
  -1.61563 -0.0430299
   -1.6125 -0.0399478
  -1.60938 -0.0368658
  -1.60625 -0.0337838
  -1.60313 -0.0307017
      -1.6 -0.0276197
  -1.59688 -0.0245377
  -1.59375 -0.0214556
  -1.59063 -0.0183736
   -1.5875 -0.0152915
  -1.58438 -0.0122095
  -1.58125 -0.00912746
  -1.57813 -0.00604542
    -1.575 -0.00296338
  -1.57188 0.000118654
  -1.56875 0.00320069
  -1.56563 0.00628273
   -1.5625 0.00936477
  -1.55938  0.0124468
  -1.55625  0.0155288
  -1.55313  0.0186109
     -1.55  0.0216929
  -1.54688   0.024775
  -1.54375   0.027857
  -1.54063   0.030939
   -1.5375  0.0340211
  -1.53438  0.0371031
  -1.53125  0.0401852
  -1.52813  0.0432672
    -1.525  0.0463492
  -1.52188  0.0494313
  -1.51875  0.0525133
  -1.51563  0.0555953
   -1.5125  0.0586774
  -1.50938  0.0617594
  -1.50625  0.0648415
  -1.50313  0.0679235
      -1.5  0.0710055
  -1.49688  0.0740876
  -1.49375  0.0771696
  -1.49063  0.0802517
   -1.4875  0.0833337
  -1.48438  0.0864157
  -1.48125  0.0894978
  -1.47813  0.0925798
    -1.475  0.0956618
  -1.47188  0.0986711
  -1.46875   0.101627
  -1.46563   0.104584
   -1.4625    0.10754
  -1.45938   0.110496
  -1.45625   0.113453
  -1.45313   0.116409
     -1.45   0.119365
  -1.44688   0.122322
  -1.44375   0.125278
  -1.44063   0.128234
   -1.4375   0.131191
  -1.43438   0.134147
  -1.43125   0.137103
  -1.42813    0.14006
    -1.425   0.143016
  -1.42188   0.145972
  -1.41875   0.148929
  -1.41563   0.151885
   -1.4125   0.154841
  -1.40938   0.157798
  -1.40625   0.160754
  -1.40313    0.16371
      -1.4   0.166667
  -1.39688   0.169623
  -1.39375   0.172579
  -1.39063   0.175536
   -1.3875   0.178492
  -1.38438   0.181448
  -1.38125   0.184405
  -1.37813   0.187361
    -1.375   0.190317
  -1.37188   0.193274
  -1.36875    0.19623
  -1.36563   0.199186
   -1.3625   0.202143
  -1.35938   0.205099
  -1.35625   0.208055
  -1.35313   0.211012
     -1.35   0.213968
  -1.34688   0.216924
  -1.34375   0.219881
  -1.34063   0.222837
   -1.3375   0.225793
  -1.33438    0.22875
  -1.33125   0.231706
  -1.32813   0.234662
    -1.325   0.237619
  -1.32188   0.240575
  -1.31875   0.243531
  -1.31563   0.246488
   -1.3125   0.249444
  -1.30938     0.2524
  -1.30625   0.255357
  -1.30313   0.258313
      -1.3   0.261269
  -1.29688   0.264226
  -1.29375   0.267182
  -1.29063   0.270138
   -1.2875   0.273095
  -1.28438   0.276051
  -1.28125   0.279007
  -1.27813   0.281964
    -1.275    0.28492
  -1.27188   0.287876
  -1.26875   0.290833
  -1.26563   0.293789
   -1.2625   0.296745
  -1.25938   0.299702
  -1.25625   0.302658
  -1.25313   0.305614
     -1.25   0.308571
  -1.24688   0.311527
  -1.24375   0.314483
  -1.24063    0.31744
   -1.2375   0.320396
  -1.23438   0.323352
  -1.23125   0.326309
  -1.22813   0.329265
    -1.225   0.332221
  -1.22188   0.335178
  -1.21875   0.338134
  -1.21563    0.34109
   -1.2125   0.344047
  -1.20938   0.347003
  -1.20625   0.349959
  -1.20313   0.352916
      -1.2   0.355872
  -1.19688   0.358828
  -1.19375   0.361785
  -1.19063   0.364741
   -1.1875   0.367697
  -1.18438   0.370654
  -1.18125    0.37361
  -1.17813   0.376566
    -1.175   0.379523
  -1.17188   0.382479
  -1.16875   0.385435
  -1.16563   0.388392
   -1.1625   0.391348
  -1.15938   0.394304
  -1.15625   0.397261
  -1.15313   0.400217
     -1.15   0.403173
  -1.14688    0.40613
  -1.14375   0.409086
  -1.14063   0.412042
   -1.1375   0.414999
  -1.13438   0.417955
  -1.13125   0.420911
  -1.12813   0.423868
    -1.125   0.426824
  -1.12188   0.429781
  -1.11875   0.432737
  -1.11563   0.435693
   -1.1125    0.43865
  -1.10938   0.441606
  -1.10625   0.444562
  -1.10313   0.447519
      -1.1   0.450475
  -1.09688   0.453431
  -1.09375   0.456388
  -1.09063   0.459344
   -1.0875     0.4623
  -1.08438   0.465257
  -1.08125   0.468213
  -1.07813   0.471169
    -1.075   0.474126
  -1.07188   0.477082
  -1.06875   0.480038
  -1.06563   0.482995
   -1.0625   0.485951
  -1.05938   0.488907
  -1.05625   0.491864
  -1.05313    0.49482
     -1.05   0.497235
  -1.04688    0.49955
  -1.04375   0.501864
  -1.04063   0.504178
   -1.0375   0.506492
  -1.03438   0.508807
  -1.03125   0.511121
  -1.02813   0.513435
    -1.025   0.515749
  -1.02188   0.518063
  -1.01875   0.520378
  -1.01563   0.522692
   -1.0125   0.525006
  -1.00938    0.52732
  -1.00625   0.529634
  -1.00313   0.531949
        -1   0.534263
 -0.996875   0.536577
  -0.99375   0.538891
 -0.990625   0.541205
   -0.9875    0.54352
 -0.984375   0.545834
  -0.98125   0.548148
 -0.978125   0.550462
    -0.975   0.552777
 -0.971875   0.555091
  -0.96875   0.557405
 -0.965625   0.559719
   -0.9625   0.562033
 -0.959375   0.564348
  -0.95625   0.566662
 -0.953125   0.568976
     -0.95    0.57129
 -0.946875   0.573604
  -0.94375   0.575919
 -0.940625   0.578233
   -0.9375   0.580547
 -0.934375   0.582861
  -0.93125   0.585176
 -0.928125    0.58749
    -0.925   0.589804
 -0.921875   0.592118
  -0.91875   0.594432
 -0.915625   0.596747
   -0.9125   0.599061
 -0.909375   0.601375
  -0.90625   0.603689
 -0.903125   0.606003
      -0.9   0.608318
 -0.896875   0.610632
  -0.89375   0.612946
 -0.890625    0.61526
   -0.8875   0.617574
 -0.884375   0.619889
  -0.88125   0.622203
 -0.878125   0.624517
    -0.875   0.626831
 -0.871875   0.629146
  -0.86875    0.63146
 -0.865625   0.633774
   -0.8625   0.636088
 -0.859375   0.638402
  -0.85625   0.640717
 -0.853125   0.643031
     -0.85   0.645345
 -0.846875   0.647659
  -0.84375   0.649973
 -0.840625   0.652288
   -0.8375   0.654602
 -0.834375   0.656916
  -0.83125    0.65923
 -0.828125   0.661545
    -0.825   0.663859
 -0.821875   0.666173
  -0.81875   0.668487
 -0.815625   0.670801
   -0.8125   0.673116
 -0.809375    0.67543
  -0.80625   0.677744
 -0.803125   0.680058
      -0.8   0.682372
 -0.796875   0.684687
  -0.79375   0.687001
 -0.790625   0.689315
   -0.7875   0.691629
 -0.784375   0.693943
  -0.78125   0.696258
 -0.778125   0.698572
    -0.775   0.700886
 -0.771875     0.7032
  -0.76875   0.705515
 -0.765625   0.707829
   -0.7625   0.710143
 -0.759375   0.712457
  -0.75625   0.714771
 -0.753125   0.717086
     -0.75     0.7194
 -0.746875   0.721714
  -0.74375   0.724028
 -0.740625   0.726342
   -0.7375   0.728657
 -0.734375   0.730971
  -0.73125   0.733285
 -0.728125   0.735599
    -0.725   0.737914
 -0.721875   0.740228
  -0.71875   0.742542
 -0.715625   0.744856
   -0.7125    0.74717
 -0.709375   0.749485
  -0.70625   0.751799
 -0.703125   0.754113
      -0.7   0.756427
 -0.696875   0.758741
  -0.69375   0.761056
 -0.690625    0.76337
   -0.6875   0.765684
 -0.684375   0.767998
  -0.68125   0.770312
 -0.678125   0.772627
    -0.675   0.774941
 -0.671875   0.777255
  -0.66875   0.779569
 -0.665625   0.781884
   -0.6625   0.784198
 -0.659375   0.786512
  -0.65625   0.788826
 -0.653125    0.79114
     -0.65   0.793455
 -0.646875   0.795769
  -0.64375   0.798083
 -0.640625   0.800397
   -0.6375   0.802711
 -0.634375   0.805026
  -0.63125    0.80723
 -0.628125   0.808498
    -0.625   0.809765
 -0.621875   0.811033
  -0.61875   0.812301
 -0.615625   0.813569
   -0.6125   0.814837
 -0.609375   0.816105
  -0.60625   0.817372
 -0.603125    0.81864
      -0.6   0.819908
 -0.596875   0.821176
  -0.59375   0.822444
 -0.590625   0.823712
   -0.5875   0.824979
 -0.584375   0.826247
  -0.58125   0.827515
 -0.578125   0.828783
    -0.575   0.830051
 -0.571875   0.831319
  -0.56875   0.832587
 -0.565625   0.833854
   -0.5625   0.835122
 -0.559375    0.83639
  -0.55625   0.837658
 -0.553125   0.838926
     -0.55   0.840194
 -0.546875   0.841461
  -0.54375   0.842729
 -0.540625   0.843997
   -0.5375   0.845265
 -0.534375   0.846533
  -0.53125   0.847801
 -0.528125   0.849068
    -0.525   0.850336
 -0.521875   0.851604
  -0.51875   0.852872
 -0.515625    0.85414
   -0.5125   0.855408
 -0.509375   0.856675
  -0.50625   0.857943
 -0.503125   0.859211
      -0.5   0.860479
 -0.496875   0.861747
  -0.49375   0.863015
 -0.490625   0.864283
   -0.4875    0.86555
 -0.484375   0.866818
  -0.48125   0.868086
 -0.478125   0.869354
    -0.475   0.870622
 -0.471875    0.87189
  -0.46875   0.873157
 -0.465625   0.874425
   -0.4625   0.875693
 -0.459375   0.876961
  -0.45625   0.878229
 -0.453125   0.879497
     -0.45   0.880764
 -0.446875   0.882032
  -0.44375     0.8833
 -0.440625   0.884568
   -0.4375   0.885836
 -0.434375   0.887104
  -0.43125   0.888372
 -0.428125   0.889639
    -0.425   0.890907
 -0.421875   0.892175
  -0.41875   0.893443
 -0.415625   0.894711
   -0.4125   0.895979
 -0.409375   0.897246
  -0.40625   0.898514
 -0.403125   0.899782
      -0.4    0.90105
 -0.396875   0.902318
  -0.39375   0.903586
 -0.390625   0.904853
   -0.3875   0.906121
 -0.384375   0.907389
  -0.38125   0.908657
 -0.378125   0.909925
    -0.375   0.911193
 -0.371875    0.91246
  -0.36875   0.913728
 -0.365625   0.914996
   -0.3625   0.916264
 -0.359375   0.917532
  -0.35625     0.9188
 -0.353125   0.920068
     -0.35   0.921335
 -0.346875   0.922603
  -0.34375   0.923871
 -0.340625   0.925139
   -0.3375   0.926407
 -0.334375   0.927675
  -0.33125   0.928942
 -0.328125    0.93021
    -0.325   0.931478
 -0.321875   0.932746
  -0.31875   0.934014
 -0.315625   0.935282
   -0.3125   0.936549
 -0.309375   0.937817
  -0.30625   0.939085
 -0.303125   0.940353
      -0.3   0.941621
 -0.296875   0.942889
  -0.29375   0.944156
 -0.290625   0.945424
   -0.2875   0.946692
 -0.284375    0.94796
  -0.28125   0.949228
 -0.278125   0.950496
    -0.275   0.951764
 -0.271875   0.953031
  -0.26875   0.954299
 -0.265625   0.955567
   -0.2625   0.956835
 -0.259375   0.958103
  -0.25625   0.959371
 -0.253125   0.960638
     -0.25   0.961906
 -0.246875   0.963174
  -0.24375   0.964442
 -0.240625    0.96571
   -0.2375   0.966978
 -0.234375   0.968245
  -0.23125   0.969513
 -0.228125   0.970781
    -0.225   0.972049
 -0.221875   0.973317
  -0.21875   0.974585
 -0.215625   0.975852
   -0.2125    0.97712
 -0.209375   0.977921
  -0.20625   0.977921
 -0.203125   0.977921
      -0.2   0.977921
 -0.196875   0.977921
  -0.19375   0.977921
 -0.190625   0.977921
   -0.1875   0.977921
 -0.184375   0.977921
  -0.18125   0.977921
 -0.178125   0.977921
    -0.175   0.977921
 -0.171875   0.977921
  -0.16875   0.977921
 -0.165625   0.977921
   -0.1625   0.977921
 -0.159375   0.977921
  -0.15625   0.977921
 -0.153125   0.977921
     -0.15   0.977921
 -0.146875   0.977921
  -0.14375   0.977921
 -0.140625   0.977921
   -0.1375   0.977921
 -0.134375   0.977921
  -0.13125   0.977921
 -0.128125   0.977921
    -0.125   0.977921
 -0.121875   0.977921
  -0.11875   0.977921
 -0.115625   0.977921
   -0.1125   0.977921
 -0.109375   0.977921
  -0.10625   0.977921
 -0.103125   0.977921
      -0.1   0.977921
 -0.096875   0.977921
  -0.09375   0.977921
 -0.090625   0.977921
   -0.0875   0.977921
 -0.084375   0.977921
  -0.08125   0.977921
 -0.078125   0.977921
    -0.075   0.977921
 -0.071875   0.977921
  -0.06875   0.977921
 -0.065625   0.977921
   -0.0625   0.977921
 -0.059375   0.977921
  -0.05625   0.977921
 -0.053125   0.977921
     -0.05   0.977921
 -0.046875   0.977921
  -0.04375   0.977921
 -0.040625   0.977921
   -0.0375   0.977921
 -0.034375   0.977921
  -0.03125   0.977921
 -0.028125   0.977921
    -0.025   0.977921
 -0.021875   0.977921
  -0.01875   0.977921
 -0.015625   0.977921
   -0.0125   0.977921
 -0.009375   0.977921
  -0.00625   0.977921
 -0.003125   0.977921
-9.36239e-14   0.977921
  0.003125   0.977921
   0.00625   0.977921
  0.009375   0.977921
    0.0125   0.977921
  0.015625   0.977921
   0.01875   0.977921
  0.021875   0.977921
     0.025   0.977921
  0.028125   0.977921
   0.03125   0.977921
  0.034375   0.977921
    0.0375   0.977921
  0.040625   0.977921
   0.04375   0.977921
  0.046875   0.977921
      0.05   0.977921
  0.053125   0.977921
   0.05625   0.977921
  0.059375   0.977921
    0.0625   0.977921
  0.065625   0.977921
   0.06875   0.977921
  0.071875   0.977921
     0.075   0.977921
  0.078125   0.977921
   0.08125   0.977921
  0.084375   0.977921
    0.0875   0.977921
  0.090625   0.977921
   0.09375   0.977921
  0.096875   0.977921
       0.1   0.977921
  0.103125   0.977921
   0.10625   0.977921
  0.109375   0.977921
    0.1125   0.977921
  0.115625   0.977921
   0.11875   0.977921
  0.121875   0.977921
     0.125   0.977921
  0.128125   0.977921
   0.13125   0.977921
  0.134375   0.977921
    0.1375   0.977921
  0.140625   0.977921
   0.14375   0.977921
  0.146875   0.977921
      0.15   0.977921
  0.153125   0.977921
   0.15625   0.977921
  0.159375   0.977921
    0.1625   0.977921
  0.165625   0.977921
   0.16875   0.977921
  0.171875   0.977921
     0.175   0.977921
  0.178125   0.977921
   0.18125   0.977921
  0.184375   0.977921
    0.1875   0.977921
  0.190625   0.977921
   0.19375   0.977921
  0.196875   0.977921
       0.2   0.977921
  0.203125   0.977921
   0.20625   0.977921
  0.209375   0.977921
    0.2125    0.97712
  0.215625   0.975852
   0.21875   0.974585
  0.221875   0.973317
     0.225   0.972049
  0.228125   0.970781
   0.23125   0.969513
  0.234375   0.968245
    0.2375   0.966978
  0.240625    0.96571
   0.24375   0.964442
  0.246875   0.963174
      0.25   0.961906
  0.253125   0.960638
   0.25625   0.959371
  0.259375   0.958103
    0.2625   0.956835
  0.265625   0.955567
   0.26875   0.954299
  0.271875   0.953031
     0.275   0.951764
  0.278125   0.950496
   0.28125   0.949228
  0.284375    0.94796
    0.2875   0.946692
  0.290625   0.945424
   0.29375   0.944156
  0.296875   0.942889
       0.3   0.941621
  0.303125   0.940353
   0.30625   0.939085
  0.309375   0.937817
    0.3125   0.936549
  0.315625   0.935282
   0.31875   0.934014
  0.321875   0.932746
     0.325   0.931478
  0.328125    0.93021
   0.33125   0.928942
  0.334375   0.927675
    0.3375   0.926407
  0.340625   0.925139
   0.34375   0.923871
  0.346875   0.922603
      0.35   0.921335
  0.353125   0.920068
   0.35625     0.9188
  0.359375   0.917532
    0.3625   0.916264
  0.365625   0.914996
   0.36875   0.913728
  0.371875    0.91246
     0.375   0.911193
  0.378125   0.909925
   0.38125   0.908657
  0.384375   0.907389
    0.3875   0.906121
  0.390625   0.904853
   0.39375   0.903586
  0.396875   0.902318
       0.4    0.90105
  0.403125   0.899782
   0.40625   0.898514
  0.409375   0.897246
    0.4125   0.895979
  0.415625   0.894711
   0.41875   0.893443
  0.421875   0.892175
     0.425   0.890907
  0.428125   0.889639
   0.43125   0.888372
  0.434375   0.887104
    0.4375   0.885836
  0.440625   0.884568
   0.44375     0.8833
  0.446875   0.882032
      0.45   0.880764
  0.453125   0.879497
   0.45625   0.878229
  0.459375   0.876961
    0.4625   0.875693
  0.465625   0.874425
   0.46875   0.873157
  0.471875    0.87189
     0.475   0.870622
  0.478125   0.869354
   0.48125   0.868086
  0.484375   0.866818
    0.4875    0.86555
  0.490625   0.864283
   0.49375   0.863015
  0.496875   0.861747
       0.5   0.860479
  0.503125   0.859211
   0.50625   0.857943
  0.509375   0.856675
    0.5125   0.855408
  0.515625    0.85414
   0.51875   0.852872
  0.521875   0.851604
     0.525   0.850336
  0.528125   0.849068
   0.53125   0.847801
  0.534375   0.846533
    0.5375   0.845265
  0.540625   0.843997
   0.54375   0.842729
  0.546875   0.841461
      0.55   0.840194
  0.553125   0.838926
   0.55625   0.837658
  0.559375    0.83639
    0.5625   0.835122
  0.565625   0.833854
   0.56875   0.832587
  0.571875   0.831319
     0.575   0.830051
  0.578125   0.828783
   0.58125   0.827515
  0.584375   0.826247
    0.5875   0.824979
  0.590625   0.823712
   0.59375   0.822444
  0.596875   0.821176
       0.6   0.819908
  0.603125    0.81864
   0.60625   0.817372
  0.609375   0.816105
    0.6125   0.814837
  0.615625   0.813569
   0.61875   0.812301
  0.621875   0.811033
     0.625   0.809765
  0.628125   0.808498
   0.63125    0.80723
  0.634375   0.805026
    0.6375   0.802711
  0.640625   0.800397
   0.64375   0.798083
  0.646875   0.795769
      0.65   0.793455
  0.653125    0.79114
   0.65625   0.788826
  0.659375   0.786512
    0.6625   0.784198
  0.665625   0.781884
   0.66875   0.779569
  0.671875   0.777255
     0.675   0.774941
  0.678125   0.772627
   0.68125   0.770312
  0.684375   0.767998
    0.6875   0.765684
  0.690625    0.76337
   0.69375   0.761056
  0.696875   0.758741
       0.7   0.756427
  0.703125   0.754113
   0.70625   0.751799
  0.709375   0.749485
    0.7125    0.74717
  0.715625   0.744856
   0.71875   0.742542
  0.721875   0.740228
     0.725   0.737914
  0.728125   0.735599
   0.73125   0.733285
  0.734375   0.730971
    0.7375   0.728657
  0.740625   0.726342
   0.74375   0.724028
  0.746875   0.721714
      0.75     0.7194
  0.753125   0.717086
   0.75625   0.714771
  0.759375   0.712457
    0.7625   0.710143
  0.765625   0.707829
   0.76875   0.705515
  0.771875     0.7032
     0.775   0.700886
  0.778125   0.698572
   0.78125   0.696258
  0.784375   0.693943
    0.7875   0.691629
  0.790625   0.689315
   0.79375   0.687001
  0.796875   0.684687
       0.8   0.682372
  0.803125   0.680058
   0.80625   0.677744
  0.809375    0.67543
    0.8125   0.673116
  0.815625   0.670801
   0.81875   0.668487
  0.821875   0.666173
     0.825   0.663859
  0.828125   0.661545
   0.83125    0.65923
  0.834375   0.656916
    0.8375   0.654602
  0.840625   0.652288
   0.84375   0.649973
  0.846875   0.647659
      0.85   0.645345
  0.853125   0.643031
   0.85625   0.640717
  0.859375   0.638402
    0.8625   0.636088
  0.865625   0.633774
   0.86875    0.63146
  0.871875   0.629146
     0.875   0.626831
  0.878125   0.624517
   0.88125   0.622203
  0.884375   0.619889
    0.8875   0.617574
  0.890625    0.61526
   0.89375   0.612946
  0.896875   0.610632
       0.9   0.608318
  0.903125   0.606003
   0.90625   0.603689
  0.909375   0.601375
    0.9125   0.599061
  0.915625   0.596747
   0.91875   0.594432
  0.921875   0.592118
     0.925   0.589804
  0.928125    0.58749
   0.93125   0.585176
  0.934375   0.582861
    0.9375   0.580547
  0.940625   0.578233
   0.94375   0.575919
  0.946875   0.573604
      0.95    0.57129
  0.953125   0.568976
   0.95625   0.566662
  0.959375   0.564348
    0.9625   0.562033
  0.965625   0.559719
   0.96875   0.557405
  0.971875   0.555091
     0.975   0.552777
  0.978125   0.550462
   0.98125   0.548148
  0.984375   0.545834
    0.9875    0.54352
  0.990625   0.541205
   0.99375   0.538891
  0.996875   0.536577
         1   0.534263
   1.00312   0.531949
   1.00625   0.529634
   1.00937    0.52732
    1.0125   0.525006
   1.01562   0.522692
   1.01875   0.520378
   1.02187   0.518063
     1.025   0.515749
   1.02812   0.513435
   1.03125   0.511121
   1.03437   0.508807
    1.0375   0.506492
   1.04062   0.504178
   1.04375   0.501864
   1.04687    0.49955
      1.05   0.497235
   1.05312    0.49482
   1.05625   0.491864
   1.05937   0.488907
    1.0625   0.485951
   1.06562   0.482995
   1.06875   0.480038
   1.07187   0.477082
     1.075   0.474126
   1.07812   0.471169
   1.08125   0.468213
   1.08437   0.465257
    1.0875     0.4623
   1.09062   0.459344
   1.09375   0.456388
   1.09687   0.453431
       1.1   0.450475
   1.10312   0.447519
   1.10625   0.444562
   1.10937   0.441606
    1.1125    0.43865
   1.11562   0.435693
   1.11875   0.432737
   1.12187   0.429781
     1.125   0.426824
   1.12812   0.423868
   1.13125   0.420911
   1.13437   0.417955
    1.1375   0.414999
   1.14062   0.412042
   1.14375   0.409086
   1.14687    0.40613
      1.15   0.403173
   1.15312   0.400217
   1.15625   0.397261
   1.15937   0.394304
    1.1625   0.391348
   1.16562   0.388392
   1.16875   0.385435
   1.17187   0.382479
     1.175   0.379523
   1.17812   0.376566
   1.18125    0.37361
   1.18437   0.370654
    1.1875   0.367697
   1.19062   0.364741
   1.19375   0.361785
   1.19687   0.358828
       1.2   0.355872
   1.20312   0.352916
   1.20625   0.349959
   1.20937   0.347003
    1.2125   0.344047
   1.21562    0.34109
   1.21875   0.338134
   1.22187   0.335178
     1.225   0.332221
   1.22812   0.329265
   1.23125   0.326309
   1.23437   0.323352
    1.2375   0.320396
   1.24062    0.31744
   1.24375   0.314483
   1.24687   0.311527
      1.25   0.308571
   1.25312   0.305614
   1.25625   0.302658
   1.25937   0.299702
    1.2625   0.296745
   1.26562   0.293789
   1.26875   0.290833
   1.27187   0.287876
     1.275    0.28492
   1.27812   0.281964
   1.28125   0.279007
   1.28437   0.276051
    1.2875   0.273095
   1.29062   0.270138
   1.29375   0.267182
   1.29687   0.264226
       1.3   0.261269
   1.30312   0.258313
   1.30625   0.255357
   1.30937     0.2524
    1.3125   0.249444
   1.31562   0.246488
   1.31875   0.243531
   1.32187   0.240575
     1.325   0.237619
   1.32812   0.234662
   1.33125   0.231706
   1.33437    0.22875
    1.3375   0.225793
   1.34062   0.222837
   1.34375   0.219881
   1.34687   0.216924
      1.35   0.213968
   1.35312   0.211012
   1.35625   0.208055
   1.35937   0.205099
    1.3625   0.202143
   1.36562   0.199186
   1.36875    0.19623
   1.37187   0.193274
     1.375   0.190317
   1.37812   0.187361
   1.38125   0.184405
   1.38437   0.181448
    1.3875   0.178492
   1.39062   0.175536
   1.39375   0.172579
   1.39687   0.169623
       1.4   0.166667
   1.40312    0.16371
   1.40625   0.160754
   1.40937   0.157798
    1.4125   0.154841
   1.41562   0.151885
   1.41875   0.148929
   1.42187   0.145972
     1.425   0.143016
   1.42812    0.14006
   1.43125   0.137103
   1.43437   0.134147
    1.4375   0.131191
   1.44062   0.128234
   1.44375   0.125278
   1.44687   0.122322
      1.45   0.119365
   1.45312   0.116409
   1.45625   0.113453
   1.45937   0.110496
    1.4625    0.10754
   1.46562   0.104584
   1.46875   0.101627
   1.47187  0.0986711
     1.475  0.0956618
   1.47812  0.0925798
   1.48125  0.0894978
   1.48437  0.0864157
    1.4875  0.0833337
   1.49062  0.0802517
   1.49375  0.0771696
   1.49687  0.0740876
       1.5  0.0710055
   1.50312  0.0679235
   1.50625  0.0648415
   1.50937  0.0617594
    1.5125  0.0586774
   1.51562  0.0555953
   1.51875  0.0525133
   1.52187  0.0494313
     1.525  0.0463492
   1.52812  0.0432672
   1.53125  0.0401852
   1.53437  0.0371031
    1.5375  0.0340211
   1.54062   0.030939
   1.54375   0.027857
   1.54687   0.024775
      1.55  0.0216929
   1.55312  0.0186109
   1.55625  0.0155288
   1.55937  0.0124468
    1.5625 0.00936477
   1.56562 0.00628273
   1.56875 0.00320069
   1.57187 0.000118654
     1.575 -0.00296338
   1.57812 -0.00604542
   1.58125 -0.00912746
   1.58437 -0.0122095
    1.5875 -0.0152915
   1.59062 -0.0183736
   1.59375 -0.0214556
   1.59687 -0.0245377
       1.6 -0.0276197
   1.60312 -0.0307017
   1.60625 -0.0337838
   1.60937 -0.0368658
    1.6125 -0.0399478
   1.61562 -0.0430299
   1.61875 -0.0461119
   1.62187  -0.049194
     1.625  -0.052276
   1.62812  -0.055358
   1.63125 -0.0584401
   1.63437 -0.0615221
    1.6375 -0.0646042
   1.64062 -0.0676862
   1.64375 -0.0707682
   1.64687 -0.0738503
      1.65 -0.0769323
   1.65312 -0.0800143
   1.65625 -0.0830964
   1.65937 -0.0861784
    1.6625 -0.0892605
   1.66562 -0.0923425
   1.66875 -0.0954245
   1.67187 -0.0985066
     1.675  -0.101589
   1.67812  -0.104671
   1.68125  -0.107753
   1.68437  -0.110835
    1.6875  -0.113917
   1.69062  -0.116999
   1.69375  -0.120081
   1.69687  -0.123163
       1.7  -0.126245
   1.70312  -0.129327
   1.70625  -0.132409
   1.70937  -0.135491
    1.7125  -0.138573
   1.71562  -0.141655
   1.71875  -0.144737
   1.72187  -0.147819
     1.725  -0.150901
   1.72812  -0.153983
   1.73125  -0.157065
   1.73437  -0.160147
    1.7375  -0.163229
   1.74062  -0.166311
   1.74375  -0.169393
   1.74687  -0.172476
      1.75  -0.175558
   1.75312   -0.17864
   1.75625  -0.181722
   1.75937  -0.184804
    1.7625  -0.187886
   1.76562  -0.190968
   1.76875   -0.19405
   1.77187  -0.197132
     1.775  -0.200214
   1.77812  -0.203296
   1.78125  -0.206378
   1.78437   -0.20946
    1.7875  -0.212542
   1.79062  -0.215624
   1.79375  -0.218706
   1.79687  -0.221788
       1.8   -0.22487
   1.80312  -0.227952
   1.80625  -0.231034
   1.80937  -0.234116
    1.8125  -0.237198
   1.81562   -0.24028
   1.81875  -0.243362
   1.82187  -0.246444
     1.825  -0.249526
   1.82812  -0.252609
   1.83125  -0.255691
   1.83437  -0.258773
    1.8375  -0.261855
   1.84062  -0.264937
   1.84375  -0.268019
   1.84687  -0.271101
      1.85  -0.274183
   1.85312  -0.277265
   1.85625  -0.280347
   1.85937  -0.283429
    1.8625  -0.286511
   1.86562  -0.289593
   1.86875  -0.292675
   1.87187  -0.295757
     1.875  -0.298839
   1.87812  -0.301921
   1.88125  -0.305003
   1.88437  -0.308085
    1.8875  -0.311167
   1.89062  -0.314249
   1.89375  -0.317331
   1.89687  -0.320131
       1.9    -0.3228
   1.90312   -0.32547
   1.90625  -0.328139
   1.90937  -0.330808
    1.9125  -0.333478
   1.91562  -0.336147
   1.91875  -0.338817
   1.92187  -0.341486
     1.925  -0.344155
   1.92812  -0.346825
   1.93125  -0.349494
   1.93437  -0.352163
    1.9375  -0.354833
   1.94062  -0.357502
   1.94375  -0.360172
   1.94687  -0.362841
      1.95   -0.36551
   1.95312   -0.36818
   1.95625  -0.370849
   1.95937  -0.373518
    1.9625  -0.376188
   1.96562  -0.378857
   1.96875  -0.381526
   1.97187  -0.384196
     1.975  -0.386865
   1.97812  -0.389535
   1.98125  -0.392204
   1.98437  -0.394873
    1.9875  -0.397543
   1.99062  -0.400212
   1.99375  -0.402881
   1.99687  -0.405551
         2   -0.40822
   2.00312   -0.41089
   2.00625  -0.413559
   2.00937  -0.416228
    2.0125  -0.418898
   2.01562  -0.421567
   2.01875  -0.424236
   2.02187  -0.426906
     2.025  -0.429575
   2.02812  -0.432244
   2.03125  -0.434914
   2.03437  -0.437583
    2.0375  -0.440253
   2.04062  -0.442922
   2.04375  -0.445591
   2.04687  -0.448261
      2.05   -0.45093
   2.05312  -0.453599
   2.05625  -0.456269
   2.05937  -0.458938
    2.0625  -0.461607
   2.06562  -0.464277
   2.06875  -0.466946
   2.07187  -0.469616
     2.075  -0.472285
   2.07812  -0.474954
   2.08125  -0.477624
   2.08437  -0.480293
    2.0875  -0.482962
   2.09062  -0.485632
   2.09375  -0.488301
   2.09687  -0.490971
       2.1   -0.49364
   2.10312  -0.496309
   2.10625  -0.498979
   2.10937  -0.501648
    2.1125  -0.504317
   2.11562  -0.506987
   2.11875  -0.509656
   2.12187  -0.512325
     2.125  -0.514995
   2.12812  -0.517664
   2.13125  -0.520334
   2.13437  -0.523003
    2.1375  -0.525672
   2.14062  -0.528342
   2.14375  -0.531011
   2.14687   -0.53368
      2.15   -0.53635
   2.15312  -0.539019
   2.15625  -0.541689
   2.15937  -0.544358
    2.1625  -0.547027
   2.16562  -0.549697
   2.16875  -0.552366
   2.17187  -0.555035
     2.175  -0.557705
   2.17812  -0.560374
   2.18125  -0.563043
   2.18437  -0.565713
    2.1875  -0.568382
   2.19062  -0.571052
   2.19375  -0.573721
   2.19687   -0.57639
       2.2   -0.57906
   2.20312  -0.581729
   2.20625  -0.584398
   2.20937  -0.587068
    2.2125  -0.589737
   2.21562  -0.592407
   2.21875  -0.595076
   2.22187  -0.597745
     2.225  -0.600415
   2.22812  -0.603084
   2.23125  -0.605753
   2.23437  -0.608423
    2.2375  -0.611092
   2.24062  -0.613761
   2.24375  -0.616431
   2.24687    -0.6191
      2.25   -0.62177
   2.25312  -0.624439
   2.25625  -0.627108
   2.25937  -0.629778
    2.2625  -0.632447
   2.26562  -0.635116
   2.26875  -0.637786
   2.27187  -0.640455
     2.275  -0.643124
   2.27812  -0.645794
   2.28125  -0.648463
   2.28437  -0.651133
    2.2875  -0.653802
   2.29062  -0.656471
   2.29375  -0.659141
   2.29687   -0.66181
       2.3  -0.664479
   2.30312  -0.667149
   2.30625  -0.669818
   2.30937  -0.672488
    2.3125  -0.675157
   2.31562  -0.677826
   2.31875  -0.679663
   2.32187  -0.681453
     2.325  -0.683244
   2.32812  -0.685034
   2.33125  -0.686825
   2.33437  -0.688615
    2.3375  -0.690405
   2.34062  -0.692196
   2.34375  -0.693986
   2.34687  -0.695777
      2.35  -0.697567
   2.35312  -0.699357
   2.35625  -0.701148
   2.35937  -0.702938
    2.3625  -0.704729
   2.36562  -0.706519
   2.36875  -0.708309
   2.37187    -0.7101
     2.375   -0.71189
   2.37812  -0.713681
   2.38125  -0.715471
   2.38437  -0.717262
    2.3875  -0.719052
   2.39062  -0.720842
   2.39375  -0.722633
   2.39687  -0.724423
       2.4  -0.726214
   2.40312  -0.728004
   2.40625  -0.729794
   2.40937  -0.731585
    2.4125  -0.733375
   2.41562  -0.735166
   2.41875  -0.736956
   2.42187  -0.738746
     2.425  -0.740537
   2.42812  -0.742327
   2.43125  -0.744118
   2.43437  -0.745908
    2.4375  -0.747698
   2.44062  -0.749489
   2.44375  -0.751279
   2.44687   -0.75307
      2.45   -0.75486
   2.45312   -0.75665
   2.45625  -0.758441
   2.45937  -0.760231
    2.4625  -0.762022
   2.46562  -0.763812
   2.46875  -0.765603
   2.47187  -0.767393
     2.475  -0.769183
   2.47812  -0.770974
   2.48125  -0.772764
   2.48437  -0.774555
    2.4875  -0.776345
   2.49062  -0.778135
   2.49375  -0.779926
   2.49687  -0.781716
       2.5  -0.783507
   2.50312  -0.785297
   2.50625  -0.787087
   2.50937  -0.788878
    2.5125  -0.790668
   2.51562  -0.792459
   2.51875  -0.794249
   2.52187  -0.796039
     2.525   -0.79783
   2.52812   -0.79962
   2.53125  -0.801411
   2.53437  -0.803201
    2.5375  -0.804991
   2.54062  -0.806782
   2.54375  -0.808572
   2.54687  -0.810363
      2.55  -0.812153
   2.55312  -0.813944
   2.55625  -0.815734
   2.55937  -0.817524
    2.5625  -0.819315
   2.56562  -0.821105
   2.56875  -0.822896
   2.57187  -0.824686
     2.575  -0.826476
   2.57812  -0.828267
   2.58125  -0.830057
   2.58437  -0.831848
    2.5875  -0.833638
   2.59062  -0.835428
   2.59375  -0.837219
   2.59687  -0.839009
       2.6    -0.8408
   2.60312   -0.84259
   2.60625   -0.84438
   2.60937  -0.846171
    2.6125  -0.847961
   2.61562  -0.849752
   2.61875  -0.851542
   2.62187  -0.853332
     2.625  -0.855123
   2.62812  -0.856913
   2.63125  -0.858704
   2.63437  -0.860494
    2.6375  -0.862285
   2.64062  -0.864075
   2.64375  -0.865865
   2.64687  -0.867656
      2.65  -0.869446
   2.65312  -0.871237
   2.65625  -0.873027
   2.65937  -0.874817
    2.6625  -0.876608
   2.66562  -0.878398
   2.66875  -0.880189
   2.67187  -0.881979
     2.675  -0.883769
   2.67812   -0.88556
   2.68125   -0.88735
   2.68437  -0.889141
    2.6875  -0.890931
   2.69062  -0.892721
   2.69375  -0.894512
   2.69687  -0.896302
       2.7  -0.898093
   2.70312  -0.899883
   2.70625  -0.901674
   2.70937  -0.903464
    2.7125  -0.905254
   2.71562  -0.907045
   2.71875  -0.908835
   2.72187  -0.910626
     2.725  -0.912416
   2.72812  -0.914206
   2.73125  -0.915997
   2.73437  -0.917787
    2.7375  -0.919327
   2.74062  -0.919925
   2.74375  -0.920524
   2.74687  -0.921123
      2.75  -0.921721
   2.75312   -0.92232
   2.75625  -0.922919
   2.75937  -0.923518
    2.7625  -0.924116
   2.76562  -0.924715
   2.76875  -0.925314
   2.77187  -0.925912
     2.775  -0.926511
   2.77812   -0.92711
   2.78125  -0.927708
   2.78437  -0.928307
    2.7875  -0.928906
   2.79062  -0.929505
   2.79375  -0.930103
   2.79687  -0.930702
       2.8  -0.931301
   2.80312  -0.931899
   2.80625  -0.932498
   2.80937  -0.933097
    2.8125  -0.933695
   2.81562  -0.934294
   2.81875  -0.934893
   2.82187  -0.935492
     2.825   -0.93609
   2.82812  -0.936689
   2.83125  -0.937288
   2.83437  -0.937886
    2.8375  -0.938485
   2.84062  -0.939084
   2.84375  -0.939682
   2.84687  -0.940281
      2.85   -0.94088
   2.85312  -0.941478
   2.85625  -0.942077
   2.85937  -0.942676
    2.8625  -0.943275
   2.86562  -0.943873
   2.86875  -0.944472
   2.87187  -0.945071
     2.875  -0.945669
   2.87812  -0.946268
   2.88125  -0.946867
   2.88437  -0.947465
    2.8875  -0.948064
   2.89062  -0.948663
   2.89375  -0.949262
   2.89687   -0.94986
       2.9  -0.950459
   2.90312  -0.951058
   2.90625  -0.951656
   2.90937  -0.952255
    2.9125  -0.952854
   2.91562  -0.953452
   2.91875  -0.954051
   2.92187   -0.95465
     2.925  -0.955248
   2.92812  -0.955847
   2.93125  -0.956446
   2.93437  -0.957045
    2.9375  -0.957643
   2.94062  -0.958242
   2.94375  -0.958841
   2.94687  -0.959439
      2.95  -0.960038
   2.95312  -0.960637
   2.95625  -0.961235
   2.95937  -0.961834
    2.9625  -0.962433
   2.96562  -0.963032
   2.96875   -0.96363
   2.97187  -0.964229
     2.975  -0.964828
   2.97812  -0.965426
   2.98125  -0.966025
   2.98437  -0.966624
    2.9875  -0.967222
   2.99062  -0.967821
   2.99375   -0.96842
   2.99687  -0.969019
         3  -0.969617
   3.00312  -0.970216
   3.00625  -0.970815
   3.00937  -0.971413
    3.0125  -0.972012
   3.01562  -0.972611
   3.01875  -0.973209
   3.02187  -0.973808
     3.025  -0.974407
   3.02812  -0.975005
   3.03125  -0.975604
   3.03437  -0.976203
    3.0375  -0.976802
   3.04062    -0.9774
   3.04375  -0.977999
   3.04687  -0.978598
      3.05  -0.979196
   3.05312  -0.979795
   3.05625  -0.980394
   3.05937  -0.980992
    3.0625  -0.981591
   3.06562   -0.98219
   3.06875  -0.982789
   3.07187  -0.983387
     3.075  -0.983986
   3.07812  -0.984585
   3.08125  -0.985183
   3.08437  -0.985782
    3.0875  -0.986381
   3.09062  -0.986979
   3.09375  -0.987578
   3.09687  -0.988177
       3.1  -0.988775
   3.10312  -0.989374
   3.10625  -0.989973
   3.10937  -0.990572
    3.1125   -0.99117
   3.11562  -0.991769
   3.11875  -0.992368
   3.12187  -0.992966
     3.125  -0.993565
   3.12812  -0.994164
   3.13125  -0.994762
   3.13437  -0.995361
    3.1375   -0.99596
   3.14062  -0.996559
   3.14375  -0.997157
   3.14687  -0.997756
      3.15  -0.998355
   3.15312  -0.998953
   3.15625  -0.999552
   3.15937  -0.999537
    3.1625  -0.998839
   3.16562  -0.998141
   3.16875  -0.997444
   3.17187  -0.996746
     3.175  -0.996049
   3.17812  -0.995351
   3.18125  -0.994654
   3.18437  -0.993956
    3.1875  -0.993258
   3.19062  -0.992561
   3.19375  -0.991863
   3.19687  -0.991166
       3.2  -0.990468
   3.20312   -0.98977
   3.20625  -0.989073
   3.20937  -0.988375
    3.2125  -0.987678
   3.21562   -0.98698
   3.21875  -0.986282
   3.22187  -0.985585
     3.225  -0.984887
   3.22812   -0.98419
   3.23125  -0.983492
   3.23437  -0.982794
    3.2375  -0.982097
   3.24062  -0.981399
   3.24375  -0.980702
   3.24687  -0.980004
      3.25  -0.979306
   3.25312  -0.978609
   3.25625  -0.977911
   3.25937  -0.977214
    3.2625  -0.976516
   3.26562  -0.975818
   3.26875  -0.975121
   3.27187  -0.974423
     3.275  -0.973726
   3.27812  -0.973028
   3.28125   -0.97233
   3.28437  -0.971633
    3.2875  -0.970935
   3.29062  -0.970238
   3.29375   -0.96954
   3.29687  -0.968842
       3.3  -0.968145
   3.30312  -0.967447
   3.30625   -0.96675
   3.30937  -0.966052
    3.3125  -0.965354
   3.31562  -0.964657
   3.31875  -0.963959
   3.32187  -0.963262
     3.325  -0.962564
   3.32812  -0.961866
   3.33125  -0.961169
   3.33437  -0.960471
    3.3375  -0.959774
   3.34062  -0.959076
   3.34375  -0.958379
   3.34687  -0.957681
      3.35  -0.956983
   3.35312  -0.956286
   3.35625  -0.955588
   3.35937  -0.954891
    3.3625  -0.954193
   3.36562  -0.953495
   3.36875  -0.952798
   3.37187    -0.9521
     3.375  -0.951403
   3.37812  -0.950705
   3.38125  -0.950007
   3.38437   -0.94931
    3.3875  -0.948612
   3.39062  -0.947915
   3.39375  -0.947217
   3.39687  -0.946519
       3.4  -0.945822
   3.40312  -0.945124
   3.40625  -0.944427
   3.40937  -0.943729
    3.4125  -0.943031
   3.41562  -0.942334
   3.41875  -0.941636
   3.42187  -0.940939
     3.425  -0.940241
   3.42812  -0.939543
   3.43125  -0.938846
   3.43437  -0.938148
    3.4375  -0.937451
   3.44062  -0.936753
   3.44375  -0.936055
   3.44687  -0.935358
      3.45   -0.93466
   3.45312  -0.933963
   3.45625  -0.933265
   3.45937  -0.932567
    3.4625   -0.93187
   3.46562  -0.931172
   3.46875  -0.930475
   3.47187  -0.929777
     3.475  -0.929079
   3.47812  -0.928382
   3.48125  -0.927684
   3.48437  -0.926987
    3.4875  -0.926289
   3.49062  -0.925591
   3.49375  -0.924894
   3.49687  -0.924196
       3.5  -0.923499
   3.50312  -0.922801
   3.50625  -0.922104
   3.50937  -0.921406
    3.5125  -0.920708
   3.51562  -0.920011
   3.51875  -0.919313
   3.52187  -0.918616
     3.525  -0.917918
   3.52812   -0.91722
   3.53125  -0.916523
   3.53437  -0.915825
    3.5375  -0.915128
   3.54062   -0.91443
   3.54375  -0.913732
   3.54687  -0.913035
      3.55  -0.912337
   3.55312   -0.91164
   3.55625  -0.910942
   3.55937  -0.910244
    3.5625  -0.909547
   3.56562  -0.908849
   3.56875  -0.908152
   3.57187  -0.907454
     3.575  -0.906756
   3.57812  -0.906059
   3.58125  -0.904496
   3.58437  -0.902624
    3.5875  -0.900752
   3.59062   -0.89888
   3.59375  -0.897008
   3.59687  -0.895136
       3.6  -0.893264
   3.60312  -0.891392
   3.60625   -0.88952
   3.60937  -0.887648
    3.6125  -0.885776
   3.61562  -0.883903
   3.61875  -0.882031
   3.62187  -0.880159
     3.625  -0.878287
   3.62812  -0.876415
   3.63125  -0.874543
   3.63437  -0.872671
    3.6375  -0.870799
   3.64062  -0.868927
   3.64375  -0.867055
   3.64687  -0.865183
      3.65  -0.863311
   3.65312  -0.861439
   3.65625  -0.859567
   3.65937  -0.857695
    3.6625  -0.855823
   3.66562  -0.853951
   3.66875  -0.852079
   3.67187  -0.850207
     3.675  -0.848335
   3.67812  -0.846463
   3.68125  -0.844591
   3.68437  -0.842719
    3.6875  -0.840847
   3.69062  -0.838975
   3.69375  -0.837103
   3.69687  -0.835231
       3.7  -0.833359
   3.70312  -0.831487
   3.70625  -0.829615
   3.70937  -0.827743
    3.7125  -0.825871
   3.71562  -0.823998
   3.71875  -0.822126
   3.72187  -0.820254
     3.725  -0.818382
   3.72812   -0.81651
   3.73125  -0.814638
   3.73437  -0.812766
    3.7375  -0.810894
   3.74062  -0.809022
   3.74375   -0.80715
   3.74687  -0.805278
      3.75  -0.803406
   3.75312  -0.801534
   3.75625  -0.799662
   3.75937   -0.79779
    3.7625  -0.795918
   3.76562  -0.794046
   3.76875  -0.792174
   3.77187  -0.790302
     3.775   -0.78843
   3.77812  -0.786558
   3.78125  -0.784686
   3.78437  -0.782814
    3.7875  -0.780942
   3.79062   -0.77907
   3.79375  -0.777198
   3.79687  -0.775326
       3.8  -0.773454
   3.80312  -0.771582
   3.80625   -0.76971
   3.80937  -0.767838
    3.8125  -0.765966
   3.81562  -0.764093
   3.81875  -0.762221
   3.82187  -0.760349
     3.825  -0.758477
   3.82812  -0.756605
   3.83125  -0.754733
   3.83437  -0.752861
    3.8375  -0.750989
   3.84062  -0.749117
   3.84375  -0.747245
   3.84687  -0.745373
      3.85  -0.743501
   3.85312  -0.741629
   3.85625  -0.739757
   3.85937  -0.737885
    3.8625  -0.736013
   3.86562  -0.734141
   3.86875  -0.732269
   3.87187  -0.730397
     3.875  -0.728525
   3.87812  -0.726653
   3.88125  -0.724781
   3.88437  -0.722909
    3.8875  -0.721037
   3.89062  -0.719165
   3.89375  -0.717293
   3.89687  -0.715421
       3.9  -0.713549
   3.90312  -0.711677
   3.90625  -0.709805
   3.90937  -0.707933
    3.9125  -0.706061
   3.91562  -0.704188
   3.91875  -0.702316
   3.92187  -0.700444
     3.925  -0.698572
   3.92812    -0.6967
   3.93125  -0.694828
   3.93437  -0.692956
    3.9375  -0.691084
   3.94062  -0.689212
   3.94375   -0.68734
   3.94687  -0.685468
      3.95  -0.683596
   3.95312  -0.681724
   3.95625  -0.679852
   3.95937   -0.67798
    3.9625  -0.676108
   3.96562  -0.674236
   3.96875  -0.672364
   3.97187  -0.670492
     3.975   -0.66862
   3.97812  -0.666748
   3.98125  -0.664876
   3.98437  -0.663004
    3.9875  -0.661132
   3.99062   -0.65926
   3.99375  -0.657388
   3.99687  -0.655516
         4  -0.653644
