        -4   0.756802
  -3.99688   0.754757
  -3.99375   0.752706
  -3.99063   0.750648
   -3.9875   0.748585
  -3.98438   0.746516
  -3.98125   0.744441
  -3.97813   0.742361
    -3.975   0.740274
  -3.97188   0.738182
  -3.96875   0.736084
  -3.96563    0.73398
   -3.9625    0.73187
  -3.95938   0.729754
  -3.95625   0.727632
  -3.95313   0.725505
     -3.95   0.723372
  -3.94688   0.721232
  -3.94375   0.719087
  -3.94063   0.716936
   -3.9375    0.71478
  -3.93438   0.712617
  -3.93125   0.710449
  -3.92813   0.708275
    -3.925   0.706094
  -3.92188   0.703908
  -3.91875   0.701717
  -3.91563   0.699519
   -3.9125   0.697315
  -3.90938   0.695106
  -3.90625   0.692891
  -3.90313    0.69067
      -3.9   0.688443
  -3.89688    0.68621
  -3.89375   0.683972
  -3.89063   0.681727
   -3.8875   0.679477
  -3.88438   0.677221
  -3.88125   0.674959
  -3.87813   0.672691
    -3.875   0.670417
  -3.87188   0.668137
  -3.86875   0.665852
  -3.86563   0.663561
   -3.8625   0.661264
  -3.85938   0.658961
  -3.85625   0.656652
  -3.85313   0.654337
     -3.85   0.652017
  -3.84688    0.64969
  -3.84375   0.647358
  -3.84063    0.64502
   -3.8375   0.642676
  -3.83438   0.640326
  -3.83125   0.637971
  -3.82813   0.635609
    -3.825   0.633242
  -3.82188   0.630869
  -3.81875    0.62849
  -3.81563   0.626105
   -3.8125   0.623714
  -3.80938   0.621318
  -3.80625   0.618915
  -3.80313   0.616507
      -3.8   0.614093
  -3.79688   0.611673
  -3.79375   0.609247
  -3.79063   0.606815
   -3.7875   0.604378
  -3.78438   0.601934
  -3.78125   0.599485
  -3.77813    0.59703
    -3.775   0.594569
  -3.77188   0.592102
  -3.76875    0.58963
  -3.76563   0.587151
   -3.7625   0.584667
  -3.75938   0.582177
  -3.75625   0.579681
  -3.75313   0.577179
     -3.75   0.574671
  -3.74688   0.572158
  -3.74375   0.569638
  -3.74063   0.567113
   -3.7375   0.564582
  -3.73438   0.562045
  -3.73125   0.559502
  -3.72813   0.556953
    -3.725   0.554399
  -3.72188   0.551839
  -3.71875   0.549272
  -3.71563     0.5467
   -3.7125   0.544122
  -3.70938   0.541539
  -3.70625   0.538949
  -3.70313   0.536353
      -3.7   0.533752
  -3.69688   0.531145
  -3.69375   0.528532
  -3.69063   0.525913
   -3.6875   0.523288
  -3.68438   0.520658
  -3.68125   0.518021
  -3.67813   0.515379
    -3.675   0.512731
  -3.67188   0.510077
  -3.66875   0.507417
  -3.66563   0.504752
   -3.6625    0.50208
  -3.65938   0.499403
  -3.65625   0.496719
  -3.65313    0.49403
     -3.65   0.491335
  -3.64688   0.488635
  -3.64375   0.485928
  -3.64063   0.483216
   -3.6375   0.480497
  -3.63438   0.477773
  -3.63125   0.475043
  -3.62813   0.472307
    -3.625   0.469565
  -3.62188   0.466818
  -3.61875   0.464064
  -3.61563   0.461305
   -3.6125    0.45854
  -3.60938   0.455769
  -3.60625   0.452992
  -3.60313    0.45021
      -3.6   0.447421
  -3.59688   0.444627
  -3.59375   0.441826
  -3.59063    0.43902
   -3.5875   0.436208
  -3.58438   0.433391
  -3.58125   0.430567
  -3.57813   0.427738
    -3.575   0.424905
  -3.57188    0.42207
  -3.56875   0.419234
  -3.56563   0.416395
   -3.5625   0.413553
  -3.55938    0.41071
  -3.55625   0.407864
  -3.55313   0.405016
     -3.55   0.402167
  -3.54688   0.399314
  -3.54375    0.39646
  -3.54063   0.393604
   -3.5375   0.390745
  -3.53438   0.387884
  -3.53125   0.385021
  -3.52813   0.382156
    -3.525   0.379288
  -3.52188   0.376419
  -3.51875   0.373547
  -3.51563   0.370673
   -3.5125   0.367797
  -3.50938   0.364919
  -3.50625   0.362038
  -3.50313   0.359155
      -3.5   0.356271
  -3.49688   0.353384
  -3.49375   0.350494
  -3.49063   0.347603
   -3.4875   0.344709
  -3.48438   0.341814
  -3.48125   0.338916
  -3.47813   0.336016
    -3.475   0.333113
  -3.47188   0.330209
  -3.46875   0.327302
  -3.46563   0.324393
   -3.4625   0.321482
  -3.45938   0.318569
  -3.45625   0.315654
  -3.45313   0.312736
     -3.45   0.309817
  -3.44688   0.306895
  -3.44375   0.303971
  -3.44063   0.301044
   -3.4375   0.298116
  -3.43438   0.295185
  -3.43125   0.292253
  -3.42813   0.289318
    -3.425    0.28638
  -3.42188   0.283441
  -3.41875     0.2805
  -3.41563   0.277556
   -3.4125    0.27461
  -3.40938   0.271662
  -3.40625   0.268712
  -3.40313   0.265759
      -3.4   0.262805
  -3.39688   0.259848
  -3.39375   0.256889
  -3.39063   0.253928
   -3.3875   0.250964
  -3.38438   0.247999
  -3.38125   0.245031
  -3.37813   0.242061
    -3.375   0.239089
  -3.37188   0.236115
  -3.36875   0.233139
  -3.36563    0.23016
   -3.3625   0.227179
  -3.35938   0.224196
  -3.35625   0.221211
  -3.35313   0.218224
     -3.35   0.215234
  -3.34688   0.212243
  -3.34375   0.209249
  -3.34063   0.206253
   -3.3375   0.203255
  -3.33438   0.200254
  -3.33125   0.197252
  -3.32813   0.194247
    -3.325    0.19124
  -3.32188   0.188231
  -3.31875    0.18522
  -3.31563   0.182206
   -3.3125   0.179191
  -3.30938   0.176173
  -3.30625   0.173153
  -3.30313   0.170131
      -3.3   0.167106
  -3.29688    0.16408
  -3.29375   0.161051
  -3.29063    0.15802
   -3.2875   0.154987
  -3.28438   0.151952
  -3.28125   0.148914
  -3.27813   0.145875
    -3.275   0.142833
  -3.27188   0.139789
  -3.26875   0.136743
  -3.26563   0.133694
   -3.2625   0.130644
  -3.25938   0.127591
  -3.25625   0.124536
  -3.25313   0.121479
     -3.25    0.11842
  -3.24688   0.115359
  -3.24375   0.112295
  -3.24063   0.109229
   -3.2375   0.106161
  -3.23438   0.103091
  -3.23125   0.100019
  -3.22813  0.0969442
    -3.225  0.0938676
  -3.22188  0.0907887
  -3.21875  0.0877076
  -3.21563  0.0846244
   -3.2125   0.081539
  -3.20938  0.0784514
  -3.20625  0.0753617
  -3.20313  0.0722697
      -3.2  0.0691756
  -3.19688  0.0660793
  -3.19375  0.0629808
  -3.19063  0.0598802
   -3.1875  0.0567773
  -3.18438  0.0536723
  -3.18125  0.0505651
  -3.17813  0.0474557
    -3.175  0.0443442
  -3.17188  0.0412304
  -3.16875  0.0381145
  -3.16563  0.0349964
   -3.1625  0.0318761
  -3.15938  0.0287536
  -3.15625  0.0256296
  -3.15313  0.0225069
     -3.15  0.0193861
  -3.14688  0.0162672
  -3.14375  0.0131501
  -3.14063  0.0100349
   -3.1375 0.00692164
  -3.13438  0.0038102
  -3.13125 0.000700632
  -3.12813 -0.00240707
    -3.125 -0.00551289
  -3.12188 -0.00861685
  -3.11875 -0.0117189
  -3.11563 -0.0148191
   -3.1125 -0.0179175
  -3.10938  -0.021014
  -3.10625 -0.0241086
  -3.10313 -0.0272013
      -3.1 -0.0302921
  -3.09688 -0.0333811
  -3.09375 -0.0364683
  -3.09063 -0.0395535
   -3.0875 -0.0426369
  -3.08438 -0.0457184
  -3.08125  -0.048798
  -3.07813 -0.0518758
    -3.075 -0.0549517
  -3.07188 -0.0580257
  -3.06875 -0.0610978
  -3.06563 -0.0641681
   -3.0625 -0.0672365
  -3.05938 -0.0703031
  -3.05625 -0.0733677
  -3.05313 -0.0764305
     -3.05 -0.0794914
  -3.04688 -0.0825505
  -3.04375 -0.0856077
  -3.04063  -0.088663
   -3.0375 -0.0917164
  -3.03438  -0.094768
  -3.03125 -0.0978177
  -3.02813  -0.100866
    -3.025  -0.103911
  -3.02188  -0.106956
  -3.01875  -0.109998
  -3.01563  -0.113038
   -3.0125  -0.116077
  -3.00938  -0.119113
  -3.00625  -0.122148
  -3.00313  -0.125181
        -3  -0.128212
  -2.99688  -0.131241
  -2.99375  -0.134268
  -2.99063  -0.137294
   -2.9875  -0.140317
  -2.98438  -0.143339
  -2.98125  -0.146358
  -2.97813  -0.149376
    -2.975  -0.152392
  -2.97188  -0.155406
  -2.96875  -0.158419
  -2.96563  -0.161429
   -2.9625  -0.164438
  -2.95938  -0.167444
  -2.95625  -0.170449
  -2.95313  -0.173452
     -2.95  -0.176453
  -2.94688  -0.179452
  -2.94375   -0.18245
  -2.94063  -0.185445
   -2.9375  -0.188439
  -2.93438   -0.19143
  -2.93125   -0.19442
  -2.92813  -0.197408
    -2.925  -0.200394
  -2.92188  -0.203378
  -2.91875  -0.206361
  -2.91563  -0.209341
   -2.9125   -0.21232
  -2.90938  -0.215297
  -2.90625  -0.218271
  -2.90313  -0.221244
      -2.9  -0.224216
  -2.89688  -0.227185
  -2.89375  -0.230152
  -2.89063  -0.233118
   -2.8875  -0.236081
  -2.88438  -0.239043
  -2.88125  -0.242003
  -2.87813  -0.244961
    -2.875  -0.247917
  -2.87188  -0.250871
  -2.86875  -0.253824
  -2.86563  -0.256774
   -2.8625  -0.259723
  -2.85938   -0.26267
  -2.85625  -0.265615
  -2.85313  -0.268558
     -2.85  -0.271499
  -2.84688  -0.274438
  -2.84375  -0.277376
  -2.84063  -0.280311
   -2.8375  -0.283245
  -2.83438  -0.286177
  -2.83125  -0.289107
  -2.82813  -0.292035
    -2.825  -0.294961
  -2.82188  -0.297886
  -2.81875  -0.300808
  -2.81563  -0.303729
   -2.8125  -0.306647
  -2.80938  -0.309564
  -2.80625  -0.312479
  -2.80313  -0.315392
      -2.8  -0.318304
  -2.79688  -0.321213
  -2.79375   -0.32412
  -2.79063  -0.327026
   -2.7875   -0.32993
  -2.78438  -0.332832
  -2.78125  -0.335732
  -2.77813   -0.33863
    -2.775  -0.341526
  -2.77188  -0.344421
  -2.76875  -0.347313
  -2.76563  -0.350204
   -2.7625  -0.353093
  -2.75938   -0.35598
  -2.75625  -0.358865
  -2.75313  -0.361748
     -2.75  -0.364629
  -2.74688  -0.367509
  -2.74375  -0.370386
  -2.74063  -0.373262
   -2.7375  -0.376136
  -2.73438  -0.379006
  -2.73125  -0.381872
  -2.72813  -0.384731
    -2.725  -0.387586
  -2.72188  -0.390434
  -2.71875  -0.393277
  -2.71563  -0.396114
   -2.7125  -0.398946
  -2.70938  -0.401772
  -2.70625  -0.404593
  -2.70313  -0.407408
      -2.7  -0.410217
  -2.69688  -0.413021
  -2.69375  -0.415819
  -2.69063  -0.418611
   -2.6875  -0.421398
  -2.68438   -0.42418
  -2.68125  -0.426955
  -2.67813  -0.429726
    -2.675   -0.43249
  -2.67188  -0.435249
  -2.66875  -0.438003
  -2.66563   -0.44075
   -2.6625  -0.443493
  -2.65938  -0.446229
  -2.65625   -0.44896
  -2.65313  -0.451686
     -2.65  -0.454405
  -2.64688   -0.45712
  -2.64375  -0.459828
  -2.64063  -0.462531
   -2.6375  -0.465229
  -2.63438  -0.467921
  -2.63125  -0.470607
  -2.62813  -0.473287
    -2.625  -0.475962
  -2.62188  -0.478632
  -2.61875  -0.481296
  -2.61563  -0.483954
   -2.6125  -0.486607
  -2.60938  -0.489254
  -2.60625  -0.491895
  -2.60313  -0.494531
      -2.6  -0.497162
  -2.59688  -0.499786
  -2.59375  -0.502405
  -2.59063  -0.505019
   -2.5875  -0.507627
  -2.58438  -0.510229
  -2.58125  -0.512826
  -2.57813  -0.515417
    -2.575  -0.518002
  -2.57188  -0.520582
  -2.56875  -0.523157
  -2.56563  -0.525726
   -2.5625  -0.528289
  -2.55938  -0.530846
  -2.55625  -0.533398
  -2.55313  -0.535945
     -2.55  -0.538485
  -2.54688  -0.541021
  -2.54375   -0.54355
  -2.54063  -0.546074
   -2.5375  -0.548592
  -2.53438  -0.551105
  -2.53125  -0.553613
  -2.52813  -0.556114
    -2.525   -0.55861
  -2.52188  -0.561101
  -2.51875  -0.563585
  -2.51563  -0.566065
   -2.5125  -0.568538
  -2.50938  -0.571006
  -2.50625  -0.573469
  -2.50313  -0.575926
      -2.5  -0.578377
  -2.49688  -0.580822
  -2.49375  -0.583263
  -2.49063  -0.585697
   -2.4875  -0.588126
  -2.48438  -0.590549
  -2.48125  -0.592967
  -2.47813  -0.595379
    -2.475  -0.597785
  -2.47188  -0.600186
  -2.46875  -0.602582
  -2.46563  -0.604971
   -2.4625  -0.607355
  -2.45938  -0.609734
  -2.45625  -0.612107
  -2.45313  -0.614474
     -2.45  -0.616836
  -2.44688  -0.619192
  -2.44375  -0.621543
  -2.44063  -0.623888
   -2.4375  -0.626227
  -2.43438  -0.628561
  -2.43125  -0.630889
  -2.42813  -0.633211
    -2.425  -0.635528
  -2.42188   -0.63784
  -2.41875  -0.640146
  -2.41563  -0.642446
   -2.4125   -0.64474
  -2.40938  -0.647029
  -2.40625  -0.649313
  -2.40313  -0.651591
      -2.4  -0.653863
  -2.39688  -0.656129
  -2.39375   -0.65839
  -2.39063  -0.660646
   -2.3875  -0.662896
  -2.38438   -0.66514
  -2.38125  -0.667379
  -2.37813  -0.669612
    -2.375  -0.671839
  -2.37188  -0.674061
  -2.36875  -0.676277
  -2.36563  -0.678488
   -2.3625  -0.680693
  -2.35938  -0.682892
  -2.35625  -0.685086
  -2.35313  -0.687275
     -2.35  -0.689457
  -2.34688  -0.691634
  -2.34375  -0.693806
  -2.34063  -0.695972
   -2.3375  -0.698132
  -2.33438  -0.700287
  -2.33125  -0.702436
  -2.32813   -0.70458
    -2.325  -0.706717
  -2.32188   -0.70885
  -2.31875  -0.710977
  -2.31563  -0.713098
   -2.3125  -0.715212
  -2.30938  -0.717317
  -2.30625  -0.719415
  -2.30313  -0.721504
      -2.3  -0.723584
  -2.29688  -0.725657
  -2.29375  -0.727721
  -2.29063  -0.729776
   -2.2875  -0.731824
  -2.28438  -0.733863
  -2.28125  -0.735893
  -2.27813  -0.737916
    -2.275   -0.73993
  -2.27188  -0.741935
  -2.26875  -0.743932
  -2.26563  -0.745921
   -2.2625  -0.747902
  -2.25938  -0.749874
  -2.25625  -0.751838
  -2.25313  -0.753794
     -2.25  -0.755741
  -2.24688   -0.75768
  -2.24375   -0.75961
  -2.24063  -0.761532
   -2.2375  -0.763446
  -2.23438  -0.765352
  -2.23125  -0.767249
  -2.22813  -0.769138
    -2.225  -0.771018
  -2.22188   -0.77289
  -2.21875  -0.774754
  -2.21563  -0.776609
   -2.2125  -0.778456
  -2.20938  -0.780295
  -2.20625  -0.782126
  -2.20313  -0.783948
      -2.2  -0.785761
  -2.19688  -0.787567
  -2.19375  -0.789364
  -2.19063  -0.791153
   -2.1875  -0.792933
  -2.18438  -0.794705
  -2.18125  -0.796469
  -2.17813  -0.798224
    -2.175  -0.799971
  -2.17188   -0.80171
  -2.16875   -0.80344
  -2.16563  -0.805162
   -2.1625  -0.806876
  -2.15938  -0.808581
  -2.15625  -0.810278
  -2.15313  -0.811966
     -2.15  -0.813647
  -2.14688  -0.815319
  -2.14375  -0.816982
  -2.14063  -0.818637
   -2.1375  -0.820284
  -2.13438  -0.821923
  -2.13125  -0.823553
  -2.12813  -0.825175
    -2.125  -0.826788
  -2.12188  -0.828394
  -2.11875  -0.829991
  -2.11563  -0.831579
   -2.1125  -0.833159
  -2.10938  -0.834731
  -2.10625  -0.836294
  -2.10313   -0.83785
      -2.1  -0.839396
  -2.09688  -0.840935
  -2.09375  -0.842465
  -2.09063  -0.843987
   -2.0875    -0.8455
  -2.08438  -0.847005
  -2.08125  -0.848502
  -2.07813   -0.84999
    -2.075   -0.85147
  -2.07188  -0.852942
  -2.06875  -0.854406
  -2.06563  -0.855861
   -2.0625  -0.857307
  -2.05938  -0.858746
  -2.05625  -0.860176
  -2.05313  -0.861597
     -2.05  -0.863011
  -2.04688  -0.864416
  -2.04375  -0.865812
  -2.04063  -0.867201
   -2.0375  -0.868581
  -2.03438  -0.869952
  -2.03125  -0.871315
  -2.02813   -0.87267
    -2.025  -0.874017
  -2.02188  -0.875355
  -2.01875  -0.876685
  -2.01563  -0.878007
   -2.0125   -0.87932
  -2.00938  -0.880625
  -2.00625  -0.881921
  -2.00313   -0.88321
        -2  -0.884489
  -1.99688  -0.885761
  -1.99375  -0.887024
  -1.99063  -0.888279
   -1.9875  -0.889525
  -1.98438  -0.890764
  -1.98125  -0.891993
  -1.97813  -0.893215
    -1.975  -0.894428
  -1.97188  -0.895633
  -1.96875  -0.896829
  -1.96563  -0.898017
   -1.9625  -0.899197
  -1.95938  -0.900368
  -1.95625  -0.901532
  -1.95313  -0.902686
     -1.95  -0.903833
  -1.94688  -0.904971
  -1.94375    -0.9061
  -1.94063  -0.907222
   -1.9375  -0.908335
  -1.93438   -0.90944
  -1.93125  -0.910536
  -1.92813  -0.911624
    -1.925  -0.912703
  -1.92188  -0.913775
  -1.91875  -0.914838
  -1.91563  -0.915892
   -1.9125  -0.916939
  -1.90938  -0.917977
  -1.90625  -0.919006
  -1.90313  -0.920028
      -1.9   -0.92104
  -1.89688  -0.922045
  -1.89375  -0.923041
  -1.89063  -0.924028
   -1.8875  -0.925005
  -1.88438  -0.925973
  -1.88125  -0.926931
  -1.87813  -0.927879
    -1.875  -0.928818
  -1.87188  -0.929747
  -1.86875  -0.930666
  -1.86563  -0.931576
   -1.8625  -0.932476
  -1.85938  -0.933367
  -1.85625  -0.934248
  -1.85313  -0.935119
     -1.85  -0.935981
  -1.84688  -0.936833
  -1.84375  -0.937675
  -1.84063  -0.938508
   -1.8375  -0.939331
  -1.83438  -0.940144
  -1.83125  -0.940948
  -1.82813  -0.941742
    -1.825  -0.942527
  -1.82188  -0.943302
  -1.81875  -0.944067
  -1.81563  -0.944823
   -1.8125  -0.945569
  -1.80938  -0.946305
  -1.80625  -0.947032
  -1.80313  -0.947749
      -1.8  -0.948457
  -1.79688  -0.949155
  -1.79375  -0.949843
  -1.79063  -0.950522
   -1.7875  -0.951191
  -1.78438   -0.95185
  -1.78125    -0.9525
  -1.77813   -0.95314
    -1.775   -0.95377
  -1.77188  -0.954391
  -1.76875  -0.955003
  -1.76563  -0.955604
   -1.7625  -0.956196
  -1.75938  -0.956778
  -1.75625  -0.957351
  -1.75313  -0.957914
     -1.75  -0.958468
  -1.74688  -0.959011
  -1.74375  -0.959546
  -1.74063   -0.96007
   -1.7375  -0.960585
  -1.73438   -0.96109
  -1.73125  -0.961586
  -1.72813  -0.962072
    -1.725  -0.962548
  -1.72188  -0.963015
  -1.71875  -0.963472
  -1.71563   -0.96392
   -1.7125  -0.964358
  -1.70938  -0.964786
  -1.70625  -0.965204
  -1.70313  -0.965613
      -1.7  -0.966013
  -1.69688  -0.966402
  -1.69375  -0.966782
  -1.69063  -0.967153
   -1.6875  -0.967514
  -1.68438  -0.967865
  -1.68125  -0.968206
  -1.67813  -0.968538
    -1.675  -0.968861
  -1.67188  -0.969173
  -1.66875  -0.969476
  -1.66563   -0.96977
   -1.6625  -0.970053
  -1.65938  -0.970327
  -1.65625  -0.970592
  -1.65313  -0.970847
     -1.65  -0.971092
  -1.64688  -0.971328
  -1.64375  -0.971554
  -1.64063   -0.97177
   -1.6375  -0.971977
  -1.63438  -0.972174
  -1.63125  -0.972361
  -1.62813  -0.972539
    -1.625  -0.972707
  -1.62188  -0.972866
  -1.61875  -0.973015
  -1.61563  -0.973154
   -1.6125  -0.973284
  -1.60938  -0.973404
  -1.60625  -0.973514
  -1.60313  -0.973615
      -1.6  -0.973706
  -1.59688  -0.973787
  -1.59375  -0.973859
  -1.59063  -0.973921
   -1.5875  -0.973974
  -1.58438  -0.974017
  -1.58125   -0.97405
  -1.57813  -0.974074
    -1.575  -0.974088
  -1.57188  -0.974093
  -1.56875  -0.974087
  -1.56563  -0.974073
   -1.5625  -0.974048
  -1.55938  -0.974014
  -1.55625   -0.97397
  -1.55313  -0.973917
     -1.55  -0.973854
  -1.54688  -0.973781
  -1.54375  -0.973699
  -1.54063  -0.973607
   -1.5375  -0.973506
  -1.53438  -0.973395
  -1.53125  -0.973274
  -1.52813  -0.973144
    -1.525  -0.973004
  -1.52188  -0.972854
  -1.51875  -0.972695
  -1.51563  -0.972526
   -1.5125  -0.972347
  -1.50938  -0.972159
  -1.50625  -0.971961
  -1.50313  -0.971754
      -1.5  -0.971537
  -1.49688   -0.97131
  -1.49375  -0.971074
  -1.49063  -0.970828
   -1.4875  -0.970572
  -1.48438  -0.970307
  -1.48125  -0.970032
  -1.47813  -0.969747
    -1.475  -0.969453
  -1.47188   -0.96915
  -1.46875  -0.968837
  -1.46563  -0.968514
   -1.4625  -0.968183
  -1.45938  -0.967842
  -1.45625  -0.967492
  -1.45313  -0.967133
     -1.45  -0.966765
  -1.44688  -0.966387
  -1.44375     -0.966
  -1.44063  -0.965604
   -1.4375  -0.965199
  -1.43438  -0.964784
  -1.43125   -0.96436
  -1.42813  -0.963927
    -1.425  -0.963485
  -1.42188  -0.963033
  -1.41875  -0.962573
  -1.41563  -0.962103
   -1.4125  -0.961623
  -1.40938  -0.961135
  -1.40625  -0.960637
  -1.40313   -0.96013
      -1.4  -0.959614
  -1.39688  -0.959089
  -1.39375  -0.958554
  -1.39063   -0.95801
   -1.3875  -0.957457
  -1.38438  -0.956894
  -1.38125  -0.956323
  -1.37813  -0.955742
    -1.375  -0.955152
  -1.37188  -0.954552
  -1.36875  -0.953944
  -1.36563  -0.953326
   -1.3625  -0.952699
  -1.35938  -0.952062
  -1.35625  -0.951417
  -1.35313  -0.950762
     -1.35  -0.950098
  -1.34688  -0.949425
  -1.34375  -0.948742
  -1.34063  -0.948051
   -1.3375   -0.94735
  -1.33438  -0.946639
  -1.33125   -0.94592
  -1.32813  -0.945191
    -1.325  -0.944453
  -1.32188  -0.943706
  -1.31875   -0.94295
  -1.31563  -0.942184
   -1.3125  -0.941409
  -1.30938  -0.940625
  -1.30625  -0.939832
  -1.30313  -0.939029
      -1.3  -0.938217
  -1.29688  -0.937396
  -1.29375  -0.936566
  -1.29063  -0.935726
   -1.2875  -0.934877
  -1.28438  -0.934019
  -1.28125  -0.933152
  -1.27813  -0.932276
    -1.275   -0.93139
  -1.27188  -0.930495
  -1.26875  -0.929591
  -1.26563  -0.928677
   -1.2625  -0.927754
  -1.25938  -0.926822
  -1.25625  -0.925881
  -1.25313  -0.924931
     -1.25  -0.923971
  -1.24688  -0.923002
  -1.24375  -0.922024
  -1.24063  -0.921037
   -1.2375   -0.92004
  -1.23438  -0.919034
  -1.23125  -0.918019
  -1.22813  -0.916995
    -1.225  -0.915961
  -1.22188  -0.914918
  -1.21875  -0.913866
  -1.21563  -0.912805
   -1.2125  -0.911735
  -1.20938  -0.910655
  -1.20625  -0.909566
  -1.20313  -0.908468
      -1.2   -0.90736
  -1.19688  -0.906243
  -1.19375  -0.905117
  -1.19063  -0.903982
   -1.1875  -0.902838
  -1.18438  -0.901684
  -1.18125  -0.900521
  -1.17813  -0.899349
    -1.175  -0.898168
  -1.17188  -0.896977
  -1.16875  -0.895777
  -1.16563  -0.894568
   -1.1625   -0.89335
  -1.15938  -0.892122
  -1.15625  -0.890885
  -1.15313  -0.889639
     -1.15  -0.888384
  -1.14688  -0.887119
  -1.14375  -0.885846
  -1.14063  -0.884563
   -1.1375   -0.88327
  -1.13438  -0.881969
  -1.13125  -0.880658
  -1.12813  -0.879338
    -1.125  -0.878009
  -1.12188  -0.876671
  -1.11875  -0.875323
  -1.11563  -0.873966
   -1.1125    -0.8726
  -1.10938  -0.871224
  -1.10625   -0.86984
  -1.10313  -0.868446
      -1.1  -0.867043
  -1.09688   -0.86563
  -1.09375  -0.864209
  -1.09063  -0.862778
   -1.0875  -0.861338
  -1.08438  -0.859889
  -1.08125   -0.85843
  -1.07813  -0.856962
    -1.075  -0.855485
  -1.07188  -0.853999
  -1.06875  -0.852503
  -1.06563  -0.850999
   -1.0625  -0.849485
  -1.05938  -0.847962
  -1.05625  -0.846429
  -1.05313  -0.844887
     -1.05  -0.843337
  -1.04688   -0.84178
  -1.04375  -0.840215
  -1.04063  -0.838643
   -1.0375  -0.837064
  -1.03438  -0.835477
  -1.03125  -0.833884
  -1.02813  -0.832283
    -1.025  -0.830675
  -1.02188   -0.82906
  -1.01875  -0.827437
  -1.01563  -0.825807
   -1.0125   -0.82417
  -1.00938  -0.822526
  -1.00625  -0.820874
  -1.00313  -0.819216
        -1   -0.81755
 -0.996875  -0.815877
  -0.99375  -0.814196
 -0.990625  -0.812508
   -0.9875  -0.810814
 -0.984375  -0.809111
  -0.98125  -0.807402
 -0.978125  -0.805686
    -0.975  -0.803962
 -0.971875  -0.802231
  -0.96875  -0.800492
 -0.965625  -0.798747
   -0.9625  -0.796994
 -0.959375  -0.795234
  -0.95625  -0.793467
 -0.953125  -0.791693
     -0.95  -0.789911
 -0.946875  -0.788122
  -0.94375  -0.786326
 -0.940625  -0.784522
   -0.9375  -0.782712
 -0.934375  -0.780894
  -0.93125  -0.779069
 -0.928125  -0.777237
    -0.925  -0.775397
 -0.921875   -0.77355
  -0.91875  -0.771696
 -0.915625  -0.769835
   -0.9125  -0.767967
 -0.909375  -0.766091
  -0.90625  -0.764208
 -0.903125  -0.762318
      -0.9  -0.760421
 -0.896875  -0.758516
  -0.89375  -0.756604
 -0.890625  -0.754685
   -0.8875  -0.752759
 -0.884375  -0.750825
  -0.88125  -0.748885
 -0.878125  -0.746937
    -0.875  -0.744981
 -0.871875  -0.743019
  -0.86875  -0.741049
 -0.865625  -0.739072
   -0.8625  -0.737088
 -0.859375  -0.735097
  -0.85625  -0.733098
 -0.853125  -0.731092
     -0.85  -0.729079
 -0.846875  -0.727059
  -0.84375  -0.725031
 -0.840625  -0.722996
   -0.8375  -0.720954
 -0.834375  -0.718905
  -0.83125  -0.716849
 -0.828125  -0.714785
    -0.825  -0.712714
 -0.821875  -0.710636
  -0.81875   -0.70855
 -0.815625  -0.706458
   -0.8125  -0.704358
 -0.809375  -0.702251
  -0.80625  -0.700137
 -0.803125  -0.698015
      -0.8  -0.695886
 -0.796875   -0.69375
  -0.79375  -0.691607
 -0.790625  -0.689456
   -0.7875  -0.687299
 -0.784375  -0.685134
  -0.78125  -0.682962
 -0.778125  -0.680782
    -0.775  -0.678595
 -0.771875  -0.676402
  -0.76875    -0.6742
 -0.765625  -0.671992
   -0.7625  -0.669777
 -0.759375  -0.667554
  -0.75625  -0.665324
 -0.753125  -0.663086
     -0.75  -0.660842
 -0.746875   -0.65859
  -0.74375  -0.656331
 -0.740625  -0.654065
   -0.7375  -0.651792
 -0.734375  -0.649511
  -0.73125  -0.647223
 -0.728125  -0.644928
    -0.725  -0.642625
 -0.721875  -0.640316
  -0.71875  -0.637999
 -0.715625  -0.635675
   -0.7125  -0.633344
 -0.709375  -0.631005
  -0.70625  -0.628659
 -0.703125  -0.626306
      -0.7  -0.623946
 -0.696875  -0.621579
  -0.69375  -0.619204
 -0.690625  -0.616822
   -0.6875  -0.614433
 -0.684375  -0.612037
  -0.68125  -0.609633
 -0.678125  -0.607222
    -0.675  -0.604804
 -0.671875  -0.602379
  -0.66875  -0.599946
 -0.665625  -0.597506
   -0.6625  -0.595059
 -0.659375  -0.592605
  -0.65625  -0.590144
 -0.653125  -0.587675
     -0.65  -0.585199
 -0.646875  -0.582716
  -0.64375  -0.580226
 -0.640625  -0.577728
   -0.6375  -0.575223
 -0.634375  -0.572711
  -0.63125  -0.570192
 -0.628125  -0.567667
    -0.625  -0.565139
 -0.621875  -0.562606
  -0.61875   -0.56007
 -0.615625  -0.557529
   -0.6125  -0.554985
 -0.609375  -0.552437
  -0.60625  -0.549884
 -0.603125  -0.547328
      -0.6  -0.544768
 -0.596875  -0.542203
  -0.59375  -0.539635
 -0.590625  -0.537063
   -0.5875  -0.534487
 -0.584375  -0.531907
  -0.58125  -0.529323
 -0.578125  -0.526735
    -0.575  -0.524143
 -0.571875  -0.521547
  -0.56875  -0.518947
 -0.565625  -0.516344
   -0.5625  -0.513736
 -0.559375  -0.511124
  -0.55625  -0.508508
 -0.553125  -0.505889
     -0.55  -0.503265
 -0.546875  -0.500638
  -0.54375  -0.498006
 -0.540625  -0.495371
   -0.5375  -0.492731
 -0.534375  -0.490088
  -0.53125   -0.48744
 -0.528125  -0.484789
    -0.525  -0.482134
 -0.521875  -0.479474
  -0.51875  -0.476811
 -0.515625  -0.474144
   -0.5125  -0.471473
 -0.509375  -0.468797
  -0.50625  -0.466118
 -0.503125  -0.463435
      -0.5  -0.460748
 -0.496875  -0.458057
  -0.49375  -0.455362
 -0.490625  -0.452664
   -0.4875  -0.449961
 -0.484375  -0.447254
  -0.48125  -0.444543
 -0.478125  -0.441828
    -0.475   -0.43911
 -0.471875  -0.436387
  -0.46875   -0.43366
 -0.465625   -0.43093
   -0.4625  -0.428195
 -0.459375  -0.425457
  -0.45625  -0.422714
 -0.453125  -0.419968
     -0.45  -0.417217
 -0.446875  -0.414463
  -0.44375  -0.411705
 -0.440625  -0.408942
   -0.4375  -0.406176
 -0.434375  -0.403406
  -0.43125  -0.400632
 -0.428125  -0.397853
    -0.425  -0.395071
 -0.421875  -0.392285
  -0.41875  -0.389495
 -0.415625  -0.386701
   -0.4125  -0.383903
 -0.409375  -0.381101
  -0.40625  -0.378296
 -0.403125  -0.375486
      -0.4  -0.372672
 -0.396875  -0.369854
  -0.39375  -0.367032
 -0.390625  -0.364207
   -0.3875  -0.361377
 -0.384375  -0.358543
  -0.38125  -0.355706
 -0.378125  -0.352864
    -0.375  -0.350019
 -0.371875  -0.347169
  -0.36875  -0.344316
 -0.365625  -0.341459
   -0.3625  -0.338597
 -0.359375  -0.335732
  -0.35625  -0.332863
 -0.353125  -0.329989
     -0.35  -0.327112
 -0.346875  -0.324231
  -0.34375  -0.321346
 -0.340625  -0.318457
   -0.3375  -0.315564
 -0.334375  -0.312667
  -0.33125  -0.309766
 -0.328125  -0.306861
    -0.325  -0.303952
 -0.321875  -0.301039
  -0.31875  -0.298122
 -0.315625  -0.295202
   -0.3125  -0.292277
 -0.309375  -0.289348
  -0.30625  -0.286416
 -0.303125  -0.283479
      -0.3  -0.280538
 -0.296875  -0.277594
  -0.29375  -0.274645
 -0.290625  -0.271693
   -0.2875  -0.268736
 -0.284375  -0.265776
  -0.28125  -0.262812
 -0.278125  -0.259843
    -0.275  -0.256871
 -0.271875  -0.253895
  -0.26875  -0.250915
 -0.265625   -0.24793
   -0.2625  -0.244942
 -0.259375   -0.24195
  -0.25625  -0.238954
 -0.253125  -0.235954
     -0.25   -0.23295
 -0.246875  -0.229942
  -0.24375   -0.22693
 -0.240625  -0.223914
   -0.2375  -0.220895
 -0.234375  -0.217871
  -0.23125  -0.214843
 -0.228125  -0.211811
    -0.225  -0.208776
 -0.221875  -0.205736
  -0.21875  -0.202693
 -0.215625  -0.199645
   -0.2125  -0.196593
 -0.209375  -0.193538
  -0.20625  -0.190482
 -0.203125  -0.187426
      -0.2   -0.18437
 -0.196875  -0.181314
  -0.19375  -0.178258
 -0.190625  -0.175202
   -0.1875  -0.172146
 -0.184375   -0.16909
  -0.18125  -0.166034
 -0.178125  -0.162978
    -0.175  -0.159922
 -0.171875  -0.156866
  -0.16875   -0.15381
 -0.165625  -0.150754
   -0.1625  -0.147698
 -0.159375  -0.144642
  -0.15625  -0.141586
 -0.153125   -0.13853
     -0.15  -0.135474
 -0.146875  -0.132418
  -0.14375  -0.129362
 -0.140625  -0.126306
   -0.1375   -0.12325
 -0.134375  -0.120194
  -0.13125  -0.117138
 -0.128125  -0.114082
    -0.125  -0.111026
 -0.121875   -0.10797
  -0.11875  -0.104914
 -0.115625  -0.101858
   -0.1125 -0.0988021
 -0.109375 -0.0957461
  -0.10625 -0.0926901
 -0.103125 -0.0896341
      -0.1 -0.0865781
 -0.096875 -0.0835221
  -0.09375 -0.0804661
 -0.090625 -0.0774101
   -0.0875 -0.0743541
 -0.084375 -0.0712981
  -0.08125 -0.0682421
 -0.078125 -0.0651861
    -0.075 -0.0621301
 -0.071875 -0.0590741
  -0.06875 -0.0560181
 -0.065625 -0.0529621
   -0.0625 -0.0499061
 -0.059375 -0.0468501
  -0.05625 -0.0437941
 -0.053125  -0.040738
     -0.05  -0.037682
 -0.046875  -0.034626
  -0.04375   -0.03157
 -0.040625  -0.028514
   -0.0375  -0.025458
 -0.034375  -0.022402
  -0.03125  -0.019346
 -0.028125   -0.01629
    -0.025  -0.013234
 -0.021875  -0.010178
  -0.01875 -0.00712201
 -0.015625 -0.00406601
   -0.0125 -0.00101001
 -0.009375   0.002046
  -0.00625   0.005102
 -0.003125   0.008158
-9.36239e-14   0.011214
  0.003125    0.01427
   0.00625   0.017326
  0.009375   0.020382
    0.0125   0.023438
  0.015625   0.026494
   0.01875    0.02955
  0.021875   0.032606
     0.025   0.035662
  0.028125   0.038718
   0.03125   0.041774
  0.034375    0.04483
    0.0375   0.047886
  0.040625  0.0509421
   0.04375  0.0539981
  0.046875  0.0570541
      0.05  0.0601101
  0.053125  0.0631661
   0.05625  0.0662221
  0.059375  0.0692781
    0.0625  0.0723341
  0.065625  0.0753901
   0.06875  0.0784461
  0.071875  0.0815021
     0.075  0.0845581
  0.078125  0.0876141
   0.08125  0.0906701
  0.084375  0.0937261
    0.0875  0.0967821
  0.090625  0.0998381
   0.09375   0.102894
  0.096875    0.10595
       0.1   0.109006
  0.103125   0.112062
   0.10625   0.115118
  0.109375   0.118174
    0.1125    0.12123
  0.115625   0.124286
   0.11875   0.127342
  0.121875   0.130398
     0.125   0.133454
  0.128125    0.13651
   0.13125   0.139566
  0.134375   0.142622
    0.1375   0.145678
  0.140625   0.148734
   0.14375    0.15179
  0.146875   0.154846
      0.15   0.157902
  0.153125   0.160958
   0.15625   0.164014
  0.159375    0.16707
    0.1625   0.170126
  0.165625   0.173182
   0.16875   0.176238
  0.171875   0.179294
     0.175    0.18235
  0.178125   0.185406
   0.18125   0.188462
  0.184375   0.191518
    0.1875   0.194574
  0.190625    0.19763
   0.19375   0.200686
  0.196875   0.203742
       0.2   0.206798
  0.203125   0.209854
   0.20625    0.21291
  0.209375   0.215966
    0.2125   0.219021
  0.215625   0.222073
   0.21875   0.225121
  0.221875   0.228164
     0.225   0.231204
  0.228125   0.234239
   0.23125   0.237271
  0.234375   0.240299
    0.2375   0.243323
  0.240625   0.246342
   0.24375   0.249358
  0.246875    0.25237
      0.25   0.255378
  0.253125   0.258382
   0.25625   0.261382
  0.259375   0.264378
    0.2625    0.26737
  0.265625   0.270358
   0.26875   0.273343
  0.271875   0.276323
     0.275   0.279299
  0.278125   0.282271
   0.28125    0.28524
  0.284375   0.288204
    0.2875   0.291164
  0.290625   0.294121
   0.29375   0.297073
  0.296875   0.300022
       0.3   0.302966
  0.303125   0.305907
   0.30625   0.308844
  0.309375   0.311776
    0.3125   0.314705
  0.315625    0.31763
   0.31875    0.32055
  0.321875   0.323467
     0.325    0.32638
  0.328125   0.329289
   0.33125   0.332194
  0.334375   0.335095
    0.3375   0.337992
  0.340625   0.340885
   0.34375   0.343774
  0.346875   0.346659
      0.35    0.34954
  0.353125   0.352417
   0.35625   0.355291
  0.359375    0.35816
    0.3625   0.361025
  0.365625   0.363887
   0.36875   0.366744
  0.371875   0.369597
     0.375   0.372447
  0.378125   0.375292
   0.38125   0.378134
  0.384375   0.380971
    0.3875   0.383805
  0.390625   0.386635
   0.39375    0.38946
  0.396875   0.392282
       0.4     0.3951
  0.403125   0.397914
   0.40625   0.400724
  0.409375   0.403529
    0.4125   0.406331
  0.415625   0.409129
   0.41875   0.411923
  0.421875   0.414713
     0.425   0.417499
  0.428125   0.420281
   0.43125    0.42306
  0.434375   0.425834
    0.4375   0.428604
  0.440625    0.43137
   0.44375   0.434133
  0.446875   0.436891
      0.45   0.439645
  0.453125   0.442396
   0.45625   0.445142
  0.459375   0.447885
    0.4625   0.450623
  0.465625   0.453358
   0.46875   0.456088
  0.471875   0.458815
     0.475   0.461538
  0.478125   0.464256
   0.48125   0.466971
  0.484375   0.469682
    0.4875   0.472389
  0.490625   0.475092
   0.49375    0.47779
  0.496875   0.480485
       0.5   0.483176
  0.503125   0.485863
   0.50625   0.488546
  0.509375   0.491226
    0.5125   0.493901
  0.515625   0.496572
   0.51875   0.499239
  0.521875   0.501902
     0.525   0.504562
  0.528125   0.507217
   0.53125   0.509868
  0.534375   0.512516
    0.5375   0.515159
  0.540625   0.517799
   0.54375   0.520434
  0.546875   0.523066
      0.55   0.525693
  0.553125   0.528317
   0.55625   0.530936
  0.559375   0.533552
    0.5625   0.536164
  0.565625   0.538772
   0.56875   0.541375
  0.571875   0.543975
     0.575   0.546571
  0.578125   0.549163
   0.58125   0.551751
  0.584375   0.554335
    0.5875   0.556915
  0.590625   0.559491
   0.59375   0.562063
  0.596875   0.564632
       0.6   0.567196
  0.603125   0.569756
   0.60625   0.572312
  0.609375   0.574865
    0.6125   0.577413
  0.615625   0.579957
   0.61875   0.582498
  0.621875   0.585034
     0.625   0.587567
  0.628125   0.590095
   0.63125    0.59262
  0.634375   0.595139
    0.6375   0.597651
  0.640625   0.600156
   0.64375   0.602654
  0.646875   0.605144
      0.65   0.607627
  0.653125   0.610103
   0.65625   0.612572
  0.659375   0.615033
    0.6625   0.617487
  0.665625   0.619934
   0.66875   0.622374
  0.671875   0.624807
     0.675   0.627232
  0.678125    0.62965
   0.68125   0.632061
  0.684375   0.634465
    0.6875   0.636861
  0.690625    0.63925
   0.69375   0.641632
  0.696875   0.644007
       0.7   0.646374
  0.703125   0.648734
   0.70625   0.651087
  0.709375   0.653433
    0.7125   0.655772
  0.715625   0.658103
   0.71875   0.660427
  0.721875   0.662744
     0.725   0.665053
  0.728125   0.667356
   0.73125   0.669651
  0.734375   0.671939
    0.7375    0.67422
  0.740625   0.676493
   0.74375   0.678759
  0.746875   0.681018
      0.75    0.68327
  0.753125   0.685514
   0.75625   0.687752
  0.759375   0.689982
    0.7625   0.692205
  0.765625    0.69442
   0.76875   0.696628
  0.771875    0.69883
     0.775   0.701023
  0.778125    0.70321
   0.78125    0.70539
  0.784375   0.707562
    0.7875   0.709727
  0.790625   0.711884
   0.79375   0.714035
  0.796875   0.716178
       0.8   0.718314
  0.803125   0.720443
   0.80625   0.722565
  0.809375   0.724679
    0.8125   0.726786
  0.815625   0.728886
   0.81875   0.730979
  0.821875   0.733064
     0.825   0.735142
  0.828125   0.737213
   0.83125   0.739277
  0.834375   0.741333
    0.8375   0.743382
  0.840625   0.745424
   0.84375   0.747459
  0.846875   0.749487
      0.85   0.751507
  0.853125    0.75352
   0.85625   0.755526
  0.859375   0.757525
    0.8625   0.759516
  0.865625     0.7615
   0.86875   0.763477
  0.871875   0.765447
     0.875   0.767409
  0.878125   0.769365
   0.88125   0.771313
  0.884375   0.773253
    0.8875   0.775187
  0.890625   0.777113
   0.89375   0.779032
  0.896875   0.780944
       0.9   0.782849
  0.903125   0.784746
   0.90625   0.786636
  0.909375   0.788519
    0.9125   0.790395
  0.915625   0.792263
   0.91875   0.794124
  0.921875   0.795978
     0.925   0.797825
  0.928125   0.799665
   0.93125   0.801497
  0.934375   0.803322
    0.9375    0.80514
  0.940625   0.806951
   0.94375   0.808754
  0.946875    0.81055
      0.95   0.812339
  0.953125   0.814121
   0.95625   0.815895
  0.959375   0.817662
    0.9625   0.819422
  0.965625   0.821175
   0.96875    0.82292
  0.971875   0.824659
     0.975    0.82639
  0.978125   0.828114
   0.98125    0.82983
  0.984375   0.831539
    0.9875   0.833242
  0.990625   0.834936
   0.99375   0.836624
  0.996875   0.838305
         1   0.839978
   1.00312   0.841644
   1.00625   0.843302
   1.00937   0.844954
    1.0125   0.846598
   1.01562   0.848235
   1.01875   0.849865
   1.02187   0.851488
     1.025   0.853103
   1.02812   0.854711
   1.03125   0.856312
   1.03437   0.857905
    1.0375   0.859492
   1.04062   0.861071
   1.04375   0.862643
   1.04687   0.864208
      1.05   0.865765
   1.05312   0.867315
   1.05625   0.868857
   1.05937    0.87039
    1.0625   0.871913
   1.06562   0.873427
   1.06875   0.874931
   1.07187   0.876427
     1.075   0.877913
   1.07812    0.87939
   1.08125   0.880858
   1.08437   0.882317
    1.0875   0.883766
   1.09062   0.885206
   1.09375   0.886637
   1.09687   0.888058
       1.1   0.889471
   1.10312   0.890874
   1.10625   0.892268
   1.10937   0.893652
    1.1125   0.895028
   1.11562   0.896394
   1.11875   0.897751
   1.12187   0.899099
     1.125   0.900437
   1.12812   0.901766
   1.13125   0.903086
   1.13437   0.904397
    1.1375   0.905698
   1.14062   0.906991
   1.14375   0.908274
   1.14687   0.909547
      1.15   0.910812
   1.15312   0.912067
   1.15625   0.913313
   1.15937    0.91455
    1.1625   0.915778
   1.16562   0.916996
   1.16875   0.918205
   1.17187   0.919405
     1.175   0.920596
   1.17812   0.921777
   1.18125   0.922949
   1.18437   0.924112
    1.1875   0.925266
   1.19062    0.92641
   1.19375   0.927545
   1.19687   0.928671
       1.2   0.929788
   1.20312   0.930896
   1.20625   0.931994
   1.20937   0.933083
    1.2125   0.934163
   1.21562   0.935233
   1.21875   0.936294
   1.22187   0.937346
     1.225   0.938389
   1.22812   0.939423
   1.23125   0.940447
   1.23437   0.941462
    1.2375   0.942468
   1.24062   0.943465
   1.24375   0.944452
   1.24687    0.94543
      1.25   0.946399
   1.25312   0.947359
   1.25625   0.948309
   1.25937    0.94925
    1.2625   0.950182
   1.26562   0.951105
   1.26875   0.952019
   1.27187   0.952923
     1.275   0.953818
   1.27812   0.954704
   1.28125    0.95558
   1.28437   0.956447
    1.2875   0.957305
   1.29062   0.958154
   1.29375   0.958994
   1.29687   0.959824
       1.3   0.960645
   1.30312   0.961457
   1.30625    0.96226
   1.30937   0.963053
    1.3125   0.963837
   1.31562   0.964612
   1.31875   0.965378
   1.32187   0.966134
     1.325   0.966881
   1.32812   0.967619
   1.33125   0.968348
   1.33437   0.969067
    1.3375   0.969778
   1.34062   0.970479
   1.34375    0.97117
   1.34687   0.971853
      1.35   0.972526
   1.35312    0.97319
   1.35625   0.973845
   1.35937    0.97449
    1.3625   0.975127
   1.36562   0.975754
   1.36875   0.976372
   1.37187    0.97698
     1.375    0.97758
   1.37812    0.97817
   1.38125   0.978751
   1.38437   0.979322
    1.3875   0.979885
   1.39062   0.980438
   1.39375   0.980982
   1.39687   0.981517
       1.4   0.982042
   1.40312   0.982558
   1.40625   0.983065
   1.40937   0.983563
    1.4125   0.984051
   1.41562   0.984531
   1.41875   0.985001
   1.42187   0.985461
     1.425   0.985913
   1.42812   0.986355
   1.43125   0.986788
   1.43437   0.987212
    1.4375   0.987627
   1.44062   0.988032
   1.44375   0.988428
   1.44687   0.988815
      1.45   0.989193
   1.45312   0.989561
   1.45625    0.98992
   1.45937    0.99027
    1.4625   0.990611
   1.46562   0.990942
   1.46875   0.991265
   1.47187   0.991578
     1.475   0.991881
   1.47812   0.992175
   1.48125    0.99246
   1.48437   0.992735
    1.4875      0.993
   1.49062   0.993256
   1.49375   0.993502
   1.49687   0.993738
       1.5   0.993965
   1.50312   0.994182
   1.50625   0.994389
   1.50937   0.994587
    1.5125   0.994775
   1.51562   0.994954
   1.51875   0.995123
   1.52187   0.995282
     1.525   0.995432
   1.52812   0.995572
   1.53125   0.995702
   1.53437   0.995823
    1.5375   0.995934
   1.54062   0.996035
   1.54375   0.996127
   1.54687   0.996209
      1.55   0.996282
   1.55312   0.996345
   1.55625   0.996398
   1.55937   0.996442
    1.5625   0.996476
   1.56562   0.996501
   1.56875   0.996515
   1.57187   0.996521
     1.575   0.996516
   1.57812   0.996502
   1.58125   0.996478
   1.58437   0.996445
    1.5875   0.996402
   1.59062   0.996349
   1.59375   0.996287
   1.59687   0.996215
       1.6   0.996134
   1.60312   0.996043
   1.60625   0.995942
   1.60937   0.995832
    1.6125   0.995712
   1.61562   0.995582
   1.61875   0.995443
   1.62187   0.995294
     1.625   0.995135
   1.62812   0.994967
   1.63125   0.994789
   1.63437   0.994602
    1.6375   0.994405
   1.64062   0.994198
   1.64375   0.993982
   1.64687   0.993756
      1.65    0.99352
   1.65312   0.993275
   1.65625    0.99302
   1.65937   0.992756
    1.6625   0.992481
   1.66562   0.992198
   1.66875   0.991904
   1.67187   0.991601
     1.675   0.991289
   1.67812   0.990966
   1.68125   0.990634
   1.68437   0.990293
    1.6875   0.989942
   1.69062   0.989581
   1.69375    0.98921
   1.69687    0.98883
       1.7   0.988441
   1.70312   0.988041
   1.70625   0.987632
   1.70937   0.987214
    1.7125   0.986786
   1.71562   0.986348
   1.71875     0.9859
   1.72187   0.985443
     1.725   0.984976
   1.72812     0.9845
   1.73125   0.984014
   1.73437   0.983518
    1.7375   0.983013
   1.74062   0.982498
   1.74375   0.981974
   1.74687   0.981439
      1.75   0.980896
   1.75312   0.980342
   1.75625   0.979779
   1.75937   0.979206
    1.7625   0.978624
   1.76562   0.978032
   1.76875   0.977431
   1.77187   0.976819
     1.775   0.976198
   1.77812   0.975568
   1.78125   0.974928
   1.78437   0.974278
    1.7875   0.973619
   1.79062    0.97295
   1.79375   0.972271
   1.79687   0.971583
       1.8   0.970885
   1.80312   0.970177
   1.80625    0.96946
   1.80937   0.968733
    1.8125   0.967997
   1.81562   0.967251
   1.81875   0.966495
   1.82187    0.96573
     1.825   0.964955
   1.82812    0.96417
   1.83125   0.963376
   1.83437   0.962572
    1.8375   0.961759
   1.84062   0.960936
   1.84375   0.960103
   1.84687   0.959261
      1.85   0.958409
   1.85312   0.957547
   1.85625   0.956676
   1.85937   0.955795
    1.8625   0.954904
   1.86562   0.954004
   1.86875   0.953094
   1.87187   0.952175
     1.875   0.951246
   1.87812   0.950307
   1.88125   0.949359
   1.88437   0.948401
    1.8875   0.947433
   1.89062   0.946456
   1.89375   0.945469
   1.89687   0.944473
       1.9   0.943468
   1.90312   0.942456
   1.90625   0.941434
   1.90937   0.940405
    1.9125   0.939367
   1.91562    0.93832
   1.91875   0.937266
   1.92187   0.936203
     1.925   0.935132
   1.92812   0.934052
   1.93125   0.932964
   1.93437   0.931868
    1.9375   0.930763
   1.94062    0.92965
   1.94375   0.928528
   1.94687   0.927399
      1.95   0.926261
   1.95312   0.925114
   1.95625    0.92396
   1.95937   0.922796
    1.9625   0.921625
   1.96562   0.920445
   1.96875   0.919257
   1.97187   0.918061
     1.975   0.916856
   1.97812   0.915643
   1.98125   0.914421
   1.98437   0.913192
    1.9875   0.911953
   1.99062   0.910707
   1.99375   0.909452
   1.99687   0.908189
         2   0.906917
   2.00312   0.905638
   2.00625   0.904349
   2.00937   0.903053
    2.0125   0.901748
   2.01562   0.900435
   2.01875   0.899113
   2.02187   0.897783
     2.025   0.896445
   2.02812   0.895098
   2.03125   0.893743
   2.03437    0.89238
    2.0375   0.891009
   2.04062   0.889629
   2.04375    0.88824
   2.04687   0.886844
      2.05   0.885439
   2.05312   0.884025
   2.05625   0.882604
   2.05937   0.881174
    2.0625   0.879735
   2.06562   0.878289
   2.06875   0.876834
   2.07187    0.87537
     2.075   0.873898
   2.07812   0.872418
   2.08125    0.87093
   2.08437   0.869433
    2.0875   0.867928
   2.09062   0.866415
   2.09375   0.864893
   2.09687   0.863363
       2.1   0.861824
   2.10312   0.860278
   2.10625   0.858722
   2.10937   0.857159
    2.1125   0.855587
   2.11562   0.854007
   2.11875   0.852419
   2.12187   0.850822
     2.125   0.849216
   2.12812   0.847603
   2.13125   0.845981
   2.13437   0.844351
    2.1375   0.842712
   2.14062   0.841065
   2.14375    0.83941
   2.14687   0.837747
      2.15   0.836075
   2.15312   0.834394
   2.15625   0.832706
   2.15937   0.831009
    2.1625   0.829304
   2.16562    0.82759
   2.16875   0.825868
   2.17187   0.824138
     2.175   0.822399
   2.17812   0.820652
   2.18125   0.818897
   2.18437   0.817133
    2.1875   0.815361
   2.19062   0.813581
   2.19375   0.811792
   2.19687   0.809995
       2.2   0.808189
   2.20312   0.806376
   2.20625   0.804554
   2.20937   0.802723
    2.2125   0.800884
   2.21562   0.799037
   2.21875   0.797182
   2.22187   0.795318
     2.225   0.793446
   2.22812   0.791566
   2.23125   0.789677
   2.23437    0.78778
    2.2375   0.785874
   2.24062    0.78396
   2.24375   0.782038
   2.24687   0.780108
      2.25   0.778169
   2.25312   0.776222
   2.25625   0.774266
   2.25937   0.772302
    2.2625    0.77033
   2.26562   0.768349
   2.26875    0.76636
   2.27187   0.764363
     2.275   0.762358
   2.27812   0.760344
   2.28125   0.758321
   2.28437   0.756291
    2.2875   0.754252
   2.29062   0.752204
   2.29375   0.750149
   2.29687   0.748085
       2.3   0.746012
   2.30312   0.743932
   2.30625   0.741843
   2.30937   0.739745
    2.3125    0.73764
   2.31562   0.735526
   2.31875   0.733405
   2.32187   0.731278
     2.325   0.729146
   2.32812   0.727008
   2.33125   0.724864
   2.33437   0.722715
    2.3375    0.72056
   2.34062     0.7184
   2.34375   0.716234
   2.34687   0.714062
      2.35   0.711885
   2.35312   0.709703
   2.35625   0.707514
   2.35937   0.705321
    2.3625   0.703121
   2.36562   0.700916
   2.36875   0.698705
   2.37187   0.696489
     2.375   0.694267
   2.37812    0.69204
   2.38125   0.689807
   2.38437   0.687568
    2.3875   0.685324
   2.39062   0.683074
   2.39375   0.680819
   2.39687   0.678557
       2.4   0.676291
   2.40312   0.674019
   2.40625   0.671741
   2.40937   0.669457
    2.4125   0.667168
   2.41562   0.664874
   2.41875   0.662574
   2.42187   0.660268
     2.425   0.657956
   2.42812    0.65564
   2.43125   0.653317
   2.43437   0.650989
    2.4375   0.648655
   2.44062   0.646316
   2.44375   0.643971
   2.44687    0.64162
      2.45   0.639264
   2.45312   0.636902
   2.45625   0.634535
   2.45937   0.632162
    2.4625   0.629784
   2.46562   0.627399
   2.46875    0.62501
   2.47187   0.622614
     2.475   0.620213
   2.47812   0.617807
   2.48125   0.615395
   2.48437   0.612977
    2.4875   0.610554
   2.49062   0.608125
   2.49375   0.605691
   2.49687   0.603251
       2.5   0.600805
   2.50312   0.598354
   2.50625   0.595897
   2.50937   0.593434
    2.5125   0.590966
   2.51562   0.588493
   2.51875   0.586013
   2.52187   0.583529
     2.525   0.581038
   2.52812   0.578542
   2.53125   0.576041
   2.53437   0.573533
    2.5375   0.571021
   2.54062   0.568502
   2.54375   0.565978
   2.54687   0.563449
      2.55   0.560913
   2.55312   0.558373
   2.55625   0.555826
   2.55937   0.553274
    2.5625   0.550717
   2.56562   0.548154
   2.56875   0.545585
   2.57187    0.54301
     2.575    0.54043
   2.57812   0.537845
   2.58125   0.535254
   2.58437   0.532657
    2.5875   0.530055
   2.59062   0.527447
   2.59375   0.524833
   2.59687   0.522214
       2.6    0.51959
   2.60312   0.516959
   2.60625   0.514323
   2.60937   0.511682
    2.6125   0.509035
   2.61562   0.506382
   2.61875   0.503724
   2.62187    0.50106
     2.625   0.498391
   2.62812   0.495715
   2.63125   0.493035
   2.63437   0.490349
    2.6375   0.487657
   2.64062   0.484959
   2.64375   0.482256
   2.64687   0.479548
      2.65   0.476833
   2.65312   0.474114
   2.65625   0.471388
   2.65937   0.468657
    2.6625   0.465921
   2.66562   0.463178
   2.66875   0.460431
   2.67187   0.457677
     2.675   0.454918
   2.67812   0.452154
   2.68125   0.449383
   2.68437   0.446608
    2.6875   0.443826
   2.69062   0.441039
   2.69375   0.438247
   2.69687   0.435449
       2.7   0.432645
   2.70312   0.429836
   2.70625   0.427021
   2.70937     0.4242
    2.7125   0.421374
   2.71562   0.418542
   2.71875   0.415705
   2.72187   0.412862
     2.725   0.410014
   2.72812   0.407159
   2.73125     0.4043
   2.73437   0.401434
    2.7375   0.398564
   2.74062    0.39569
   2.74375   0.392814
   2.74687   0.389937
      2.75   0.387057
   2.75312   0.384176
   2.75625   0.381293
   2.75937   0.378408
    2.7625   0.375521
   2.76562   0.372632
   2.76875   0.369741
   2.77187   0.366849
     2.775   0.363954
   2.77812   0.361058
   2.78125    0.35816
   2.78437    0.35526
    2.7875   0.352358
   2.79062   0.349454
   2.79375   0.346548
   2.79687   0.343641
       2.8   0.340732
   2.80312    0.33782
   2.80625   0.334907
   2.80937   0.331992
    2.8125   0.329075
   2.81562   0.326157
   2.81875   0.323236
   2.82187   0.320314
     2.825   0.317389
   2.82812   0.314463
   2.83125   0.311535
   2.83437   0.308605
    2.8375   0.305673
   2.84062   0.302739
   2.84375   0.299804
   2.84687   0.296866
      2.85   0.293927
   2.85312   0.290986
   2.85625   0.288043
   2.85937   0.285098
    2.8625   0.282151
   2.86562   0.279202
   2.86875   0.276252
   2.87187   0.273299
     2.875   0.270345
   2.87812   0.267389
   2.88125   0.264431
   2.88437   0.261471
    2.8875   0.258509
   2.89062   0.255546
   2.89375    0.25258
   2.89687   0.249613
       2.9   0.246644
   2.90312   0.243672
   2.90625   0.240699
   2.90937   0.237725
    2.9125   0.234748
   2.91562   0.231769
   2.91875   0.228789
   2.92187   0.225806
     2.925   0.222822
   2.92812   0.219836
   2.93125   0.216848
   2.93437   0.213858
    2.9375   0.210867
   2.94062   0.207873
   2.94375   0.204878
   2.94687    0.20188
      2.95   0.198881
   2.95312    0.19588
   2.95625   0.192877
   2.95937   0.189872
    2.9625   0.186866
   2.96562   0.183857
   2.96875   0.180847
   2.97187   0.177835
     2.975    0.17482
   2.97812   0.171804
   2.98125   0.168786
   2.98437   0.165767
    2.9875   0.162745
   2.99062   0.159722
   2.99375   0.156696
   2.99687   0.153669
         3    0.15064
   3.00312   0.147609
   3.00625   0.144576
   3.00937   0.141541
    3.0125   0.138505
   3.01562   0.135466
   3.01875   0.132426
   3.02187   0.129384
     3.025   0.126339
   3.02812   0.123294
   3.03125   0.120246
   3.03437   0.117196
    3.0375   0.114144
   3.04062   0.111091
   3.04375   0.108036
   3.04687   0.104979
      3.05   0.101919
   3.05312  0.0988585
   3.05625  0.0957957
   3.05937  0.0927311
    3.0625  0.0896645
   3.06562  0.0865961
   3.06875  0.0835259
   3.07187  0.0804537
     3.075  0.0773797
   3.07812  0.0743038
   3.08125   0.071226
   3.08437  0.0681464
    3.0875  0.0650649
   3.09062  0.0619815
   3.09375  0.0588963
   3.09687  0.0558092
       3.1  0.0527202
   3.10312  0.0496293
   3.10625  0.0465366
   3.10937   0.043442
    3.1125  0.0403455
   3.11562  0.0372472
   3.11875  0.0341469
   3.12187  0.0310449
     3.125  0.0279409
   3.12812  0.0248351
   3.13125  0.0217274
   3.13437  0.0186178
    3.1375  0.0155064
   3.14062  0.0123931
   3.14375 0.00927789
   3.14687 0.00616083
      3.15 0.00304191
   3.15312 -7.88825e-05
   3.15625 -0.00320155
   3.15937 -0.00632563
    3.1625 -0.00944809
   3.16562 -0.0125684
   3.16875 -0.0156865
   3.17187 -0.0188024
     3.175 -0.0219161
   3.17812 -0.0250277
   3.18125 -0.0281371
   3.18437 -0.0312443
    3.1875 -0.0343493
   3.19062 -0.0374522
   3.19375 -0.0405528
   3.19687 -0.0436513
       3.2 -0.0467476
   3.20312 -0.0498417
   3.20625 -0.0529337
   3.20937 -0.0560234
    3.2125  -0.059111
   3.21562 -0.0621964
   3.21875 -0.0652796
   3.22187 -0.0683607
     3.225 -0.0714395
   3.22812 -0.0745162
   3.23125 -0.0775907
   3.23437  -0.080663
    3.2375 -0.0837332
   3.24062 -0.0868011
   3.24375 -0.0898669
   3.24687 -0.0929305
      3.25  -0.095992
   3.25312 -0.0990512
   3.25625  -0.102108
   3.25937  -0.105163
    3.2625  -0.108216
   3.26562  -0.111266
   3.26875  -0.114315
   3.27187  -0.117361
     3.275  -0.120405
   3.27812  -0.123447
   3.28125  -0.126486
   3.28437  -0.129524
    3.2875  -0.132559
   3.29062  -0.135592
   3.29375  -0.138623
   3.29687  -0.141652
       3.3  -0.144678
   3.30312  -0.147703
   3.30625  -0.150725
   3.30937  -0.153745
    3.3125  -0.156763
   3.31562  -0.159778
   3.31875  -0.162792
   3.32187  -0.165803
     3.325  -0.168812
   3.32812  -0.171819
   3.33125  -0.174824
   3.33437  -0.177826
    3.3375  -0.180827
   3.34062  -0.183825
   3.34375  -0.186821
   3.34687  -0.189815
      3.35  -0.192806
   3.35312  -0.195796
   3.35625  -0.198783
   3.35937  -0.201768
    3.3625  -0.204751
   3.36562  -0.207732
   3.36875  -0.210711
   3.37187  -0.213687
     3.375  -0.216661
   3.37812  -0.219633
   3.38125  -0.222603
   3.38437  -0.225571
    3.3875  -0.228536
   3.39062    -0.2315
   3.39375  -0.234461
   3.39687   -0.23742
       3.4  -0.240377
   3.40312  -0.243331
   3.40625  -0.246284
   3.40937  -0.249234
    3.4125  -0.252182
   3.41562  -0.255128
   3.41875  -0.258071
   3.42187  -0.261013
     3.425  -0.263952
   3.42812   -0.26689
   3.43125  -0.269825
   3.43437  -0.272757
    3.4375  -0.275688
   3.44062  -0.278616
   3.44375  -0.281543
   3.44687  -0.284467
      3.45  -0.287389
   3.45312  -0.290308
   3.45625  -0.293226
   3.45937  -0.296141
    3.4625  -0.299054
   3.46562  -0.301965
   3.46875  -0.304874
   3.47187  -0.307781
     3.475  -0.310685
   3.47812  -0.313588
   3.48125  -0.316488
   3.48437  -0.319386
    3.4875  -0.322281
   3.49062  -0.325175
   3.49375  -0.328066
   3.49687  -0.330956
       3.5  -0.333843
   3.50312  -0.336727
   3.50625   -0.33961
   3.50937  -0.342491
    3.5125  -0.345369
   3.51562  -0.348245
   3.51875  -0.351119
   3.52187  -0.353991
     3.525   -0.35686
   3.52812  -0.359728
   3.53125  -0.362593
   3.53437  -0.365456
    3.5375  -0.368317
   3.54062  -0.371176
   3.54375  -0.374032
   3.54687  -0.376886
      3.55  -0.379738
   3.55312  -0.382588
   3.55625  -0.385436
   3.55937  -0.388282
    3.5625  -0.391125
   3.56562  -0.393967
   3.56875  -0.396806
   3.57187  -0.399642
     3.575  -0.402477
   3.57812   -0.40531
   3.58125  -0.408139
   3.58437  -0.410963
    3.5875   -0.41378
   3.59062  -0.416592
   3.59375  -0.419398
   3.59687  -0.422199
       3.6  -0.424993
   3.60312  -0.427782
   3.60625  -0.430564
   3.60937  -0.433341
    3.6125  -0.436112
   3.61562  -0.438877
   3.61875  -0.441636
   3.62187   -0.44439
     3.625  -0.447137
   3.62812  -0.449879
   3.63125  -0.452615
   3.63437  -0.455345
    3.6375  -0.458069
   3.64062  -0.460788
   3.64375    -0.4635
   3.64687  -0.466207
      3.65  -0.468907
   3.65312  -0.471602
   3.65625  -0.474291
   3.65937  -0.476975
    3.6625  -0.479652
   3.66562  -0.482324
   3.66875  -0.484989
   3.67187  -0.487649
     3.675  -0.490303
   3.67812  -0.492951
   3.68125  -0.495593
   3.68437   -0.49823
    3.6875   -0.50086
   3.69062  -0.503485
   3.69375  -0.506104
   3.69687  -0.508717
       3.7  -0.511324
   3.70312  -0.513925
   3.70625  -0.516521
   3.70937  -0.519111
    3.7125  -0.521694
   3.71562  -0.524272
   3.71875  -0.526844
   3.72187  -0.529411
     3.725  -0.531971
   3.72812  -0.534525
   3.73125  -0.537074
   3.73437  -0.539617
    3.7375  -0.542154
   3.74062  -0.544685
   3.74375   -0.54721
   3.74687   -0.54973
      3.75  -0.552243
   3.75312  -0.554751
   3.75625  -0.557253
   3.75937  -0.559749
    3.7625  -0.562239
   3.76562  -0.564723
   3.76875  -0.567202
   3.77187  -0.569674
     3.775  -0.572141
   3.77812  -0.574602
   3.78125  -0.577057
   3.78437  -0.579506
    3.7875   -0.58195
   3.79062  -0.584387
   3.79375  -0.586819
   3.79687  -0.589245
       3.8  -0.591665
   3.80312  -0.594079
   3.80625  -0.596487
   3.80937   -0.59889
    3.8125  -0.601286
   3.81562  -0.603677
   3.81875  -0.606062
   3.82187  -0.608441
     3.825  -0.610814
   3.82812  -0.613181
   3.83125  -0.615543
   3.83437  -0.617898
    3.8375  -0.620248
   3.84062  -0.622592
   3.84375   -0.62493
   3.84687  -0.627262
      3.85  -0.629589
   3.85312  -0.631909
   3.85625  -0.634224
   3.85937  -0.636533
    3.8625  -0.638836
   3.86562  -0.641133
   3.86875  -0.643424
   3.87187  -0.645709
     3.875  -0.647989
   3.87812  -0.650263
   3.88125  -0.652531
   3.88437  -0.654793
    3.8875  -0.657049
   3.89062  -0.659299
   3.89375  -0.661543
   3.89687  -0.663782
       3.9  -0.666015
   3.90312  -0.668242
   3.90625  -0.670463
   3.90937  -0.672678
    3.9125  -0.674887
   3.91562  -0.677091
   3.91875  -0.679289
   3.92187   -0.68148
     3.925  -0.683666
   3.92812  -0.685846
   3.93125  -0.688021
   3.93437  -0.690189
    3.9375  -0.692352
   3.94062  -0.694508
   3.94375  -0.696659
   3.94687  -0.698804
      3.95  -0.700943
   3.95312  -0.703077
   3.95625  -0.705204
   3.95937  -0.707326
    3.9625  -0.709442
   3.96562  -0.711552
   3.96875  -0.713656
   3.97187  -0.715754
     3.975  -0.717846
   3.97812  -0.719933
   3.98125  -0.722013
   3.98437  -0.724088
    3.9875  -0.726157
   3.99062   -0.72822
   3.99375  -0.730278
   3.99687  -0.732329
         4  -0.734374
