###################### Problem B ######################
#The quadspline:
         0          1          0 0.00200292          1          0         -0
       0.1   0.997632  0.0999227 -0.0967322   0.995004  0.0998334 -0.0998334
       0.2   0.990327   0.199362  -0.195467   0.980067   0.198669  -0.198669
       0.3   0.978085   0.297824  -0.294202   0.955336    0.29552   -0.29552
       0.4   0.960907   0.394814  -0.392938   0.921061   0.389418  -0.389418
       0.5   0.877583    0.48984  -0.491673   0.877583   0.479426  -0.479426
       0.6    0.85117   0.576308  -0.564828   0.825336   0.564642  -0.564642
       0.7     0.8211   0.659952  -0.637983   0.764842   0.644218  -0.644218
       0.8   0.787372   0.740406  -0.711138   0.696707   0.717356  -0.717356
       0.9   0.749986   0.817305  -0.784293    0.62161   0.783327  -0.783327
         1   0.540302   0.890282  -0.857448   0.540302   0.841471  -0.841471
       1.1   0.496613   0.942141  -0.890121   0.453596   0.891207  -0.891207
       1.2    0.45129    0.98955  -0.922794   0.362358   0.932039  -0.932039
       1.3   0.404334    1.03234  -0.955467   0.267499   0.963558  -0.963558
       1.4   0.355744    1.07036  -0.988139   0.169967    0.98545   -0.98545
       1.5  0.0707372    1.10344   -1.02081  0.0707372   0.997495  -0.997495
       1.6   0.020167    1.10798   -1.00199 -0.0291995   0.999574  -0.999574
       1.7 -0.0294622     1.1075  -0.983177  -0.128844   0.991665  -0.991665
       1.8 -0.0781506    1.10212  -0.964359  -0.227202   0.973848  -0.973848
       1.9  -0.125898     1.0919  -0.945542   -0.32329     0.9463    -0.9463
         2  -0.416147    1.07697  -0.926724  -0.416147   0.909297  -0.909297
       2.1  -0.460916    1.03309  -0.864032  -0.504846   0.863209  -0.863209
       2.2   -0.50255   0.984888   -0.80134  -0.588501   0.808496  -0.808496
       2.3   -0.54105   0.932682  -0.738647  -0.666276   0.745705  -0.745705
       2.4  -0.576415   0.876783  -0.675955  -0.737394   0.675463  -0.675463
       2.5  -0.801144   0.817504  -0.613263  -0.801144   0.598472  -0.598472
       2.6  -0.829451   0.735935  -0.519037  -0.856889   0.515501  -0.515501
       2.7  -0.853047   0.651771  -0.424811  -0.904072    0.42738   -0.42738
       2.8  -0.871932   0.565482  -0.330585  -0.942222   0.334988  -0.334988
       2.9  -0.886106   0.477541  -0.236359  -0.970958   0.239249  -0.239249
         3  -0.989992   0.388418  -0.142132  -0.989992    0.14112   -0.14112
       3.1  -0.994607   0.289147 -0.0424509  -0.999135  0.0415807 -0.0415807
       3.2  -0.994238   0.189663  0.0572308  -0.998295 -0.0583741  0.0583741
       3.3  -0.988884  0.0904653   0.156912   -0.98748  -0.157746   0.157746
       3.4  -0.978546 -0.00794779   0.256594  -0.966798  -0.255541   0.255541
       3.5  -0.936457  -0.105078   0.356276  -0.936457  -0.350783   0.350783
       3.6  -0.916549  -0.197763   0.440016  -0.896758   -0.44252    0.44252
       3.7  -0.892455  -0.288248   0.523756    -0.8481  -0.529836   0.529836
       3.8  -0.864174  -0.376115   0.607496  -0.790968  -0.611858   0.611858
       3.9  -0.831705  -0.460943   0.691236  -0.725932  -0.687766   0.687766
         4  -0.653644  -0.542316   0.774977  -0.653644  -0.756802   0.756802
       4.1  -0.613788  -0.605706   0.819264  -0.574824  -0.818277   0.818277
       4.2  -0.571717     -0.665   0.863552  -0.490261  -0.871576   0.871576
       4.3  -0.527432  -0.719976   0.907839  -0.400799  -0.916166   0.916166
       4.4  -0.480933  -0.770412   0.952127  -0.307333  -0.951602   0.951602
       4.5  -0.210796  -0.816089   0.996415  -0.210796   -0.97753    0.97753
       4.6   -0.16105   -0.83468   0.993415  -0.112153  -0.993691   0.993691
       4.7  -0.111454  -0.848304   0.990416 -0.0123887  -0.999923   0.999923
       4.8 -0.0620085  -0.856975   0.987416   0.087499  -0.996165   0.996165
       4.9 -0.0127127   -0.86071   0.984417   0.186512  -0.982453   0.982453
         5   0.283662  -0.859523   0.981417   0.283662  -0.958924   0.958924
       5.1   0.331419  -0.828747   0.928856   0.377978  -0.925815   0.925815
       5.2   0.376548  -0.793327   0.876296   0.468517  -0.883455   0.883455
       5.3   0.419049  -0.753525   0.823735   0.554374  -0.832267   0.832267
       5.4   0.458921  -0.709605   0.771174   0.634693  -0.772764   0.772764
       5.5    0.70867  -0.661828   0.718613    0.70867   -0.70554    0.70554
       5.6   0.742444  -0.589237   0.632368   0.775566  -0.631267   0.631267
       5.7   0.771907  -0.513483   0.546123   0.834713  -0.550686   0.550686
       5.8   0.797057  -0.434999   0.459879    0.88552  -0.464602   0.464602
       5.9   0.817894  -0.354216   0.373634   0.927478  -0.373877   0.373877
         6    0.96017  -0.271564   0.287389    0.96017  -0.279415   0.279415
       6.1   0.971994  -0.174913   0.185567   0.983268  -0.182163   0.182163
       6.2   0.978727 -0.0773349  0.0837455   0.996542 -0.0830894  0.0830894
       6.3   0.980369  0.0206623 -0.0180762   0.999859  0.0168139 -0.0168139
       6.4   0.976919   0.118569  -0.119898   0.993185   0.116549  -0.116549
       6.5   0.976588   0.215877   -0.22172   0.976588    0.21512   -0.21512
       6.6   0.963265   0.312906   -0.31118   0.950233   0.311541  -0.311541
       6.7    0.94547    0.40838   -0.40064   0.914383    0.40485   -0.40485
       6.8   0.923201   0.501851  -0.490101   0.869397   0.494113  -0.494113
       6.9    0.89646   0.592872  -0.579561   0.815725    0.57844   -0.57844
         7   0.753902   0.680994  -0.669022   0.753902   0.656987  -0.656987
       7.1   0.718996   0.754663  -0.727227   0.684547   0.728969  -0.728969
       7.2    0.68118   0.824696  -0.785431   0.608351   0.793668  -0.793668
       7.3   0.640453   0.890802  -0.843636   0.526078   0.850437  -0.850437
       7.4   0.596816    0.95269  -0.901841   0.438547   0.898708  -0.898708
       7.5   0.346635    1.01007  -0.960046   0.346635      0.938     -0.938
       7.6   0.298391    1.04232  -0.969736    0.25126    0.96792   -0.96792
       7.7   0.249662    1.06973  -0.979426   0.153374   0.988168  -0.988168
       7.8   0.200448    1.09224  -0.989116  0.0539554   0.998543  -0.998543
       7.9    0.15075     1.1098  -0.998806 -0.0460021   0.998941  -0.998941
         8    -0.1455    1.12237    -1.0085    -0.1455   0.989358  -0.989358
       8.1   -0.19497    1.10533  -0.970307  -0.243544    0.96989   -0.96989
       8.2  -0.242531    1.08344  -0.932118  -0.339155   0.940731  -0.940731
       8.3  -0.288182    1.05689  -0.893929  -0.431377   0.902172  -0.902172
       8.4  -0.331924    1.02587  -0.855741  -0.519289   0.854599  -0.854599
       8.5  -0.602012   0.990571  -0.817552  -0.602012   0.798487  -0.798487
       8.6  -0.640896   0.928392  -0.737826   -0.67872   0.734397  -0.734397
       8.7  -0.675794   0.862524    -0.6581  -0.748647   0.662969  -0.662969
       8.8  -0.706706   0.793366  -0.578374  -0.811093   0.584917  -0.584917
       8.9  -0.733632   0.721316  -0.498648  -0.865435   0.501021  -0.501021
         9   -0.91113   0.646773  -0.418922   -0.91113   0.412118  -0.412118
       9.1  -0.929608   0.554695  -0.320186  -0.947722   0.319098  -0.319098
       9.2  -0.943149   0.461016  -0.221451  -0.974844    0.22289   -0.22289
       9.3  -0.951753   0.366229  -0.122716  -0.992225   0.124454  -0.124454
       9.4  -0.955421    0.27083 -0.0239811  -0.999693  0.0247754 -0.0247754
       9.5  -0.954151    0.17531   0.074754  -0.997172 -0.0751511  0.0751511
