  0.242578  0.0134696 
  0.383139   0.414653 
  0.067769   0.993127 
  0.484308   0.765338 
 0.0318338  0.0309355 
   0.93264    0.88788 
   0.59133   0.478779 
  0.833354   0.186335 
  0.735653   0.115053 
  0.698659   0.355604 
    0.6383   0.908211 
     0.294   0.264972 
  0.377494    0.54162 
0.00928182   0.999465 
 0.0129019   0.842497 
   0.85247   0.467011 
 0.0536072   0.976748 
  0.196755   0.856973 
  0.144214   0.800662 
  0.729398   0.985791 
  0.183406    0.49976 
  0.469862   0.970991 
   0.45077  0.0957919 
  0.974082   0.390235 
   0.68067  0.0266693 
  0.231241   0.468739 
 0.0979601    0.41541 
  0.796294   0.316403 
  0.778534   0.828493 
   0.48714   0.369049 
  0.602845  0.0242644 
  0.811112   0.355793 
  0.806109   0.274877 
  0.859817   0.951019 
  0.777276   0.680837 
  0.835185    0.96113 
  0.705425  0.0737512 
  0.536857   0.957186 
  0.418065   0.418777 
  0.381617   0.836927 
  0.240062   0.726211 
  0.431613   0.116691 
  0.223913   0.309588 
  0.244801   0.377034 
  0.807539   0.314736 
   0.77523   0.283334 
  0.996349   0.632867 
  0.600911    0.50948 
  0.834129   0.199443 
 0.0359808   0.730005 
  0.197911   0.293197 
  0.770347    0.21475 
   0.30922  0.0606627 
   0.55759   0.416917 
  0.115945   0.685545 
  0.959951   0.893088 
  0.136134     0.9978 
 0.0279733   0.148065 
  0.522975   0.641339 
  0.989146   0.578133 
   0.68053   0.674978 
  0.362046    0.91471 
  0.530369   0.917611 
  0.283109   0.208989 
  0.471816   0.806578 
  0.161689   0.514298 
  0.813117  0.0641685 
  0.479624  0.0433095 
  0.902915   0.294501 
   0.68573  0.0660333 
   0.82122   0.242774 
  0.310257   0.492554 
  0.356179   0.307991 
  0.396982  0.0709161 
  0.886517   0.684032 
  0.528227   0.902819 
  0.686503   0.063316 
   0.15214   0.023765 
  0.418943   0.174793 
  0.752751   0.490316 
  0.747744   0.329275 
  0.117577   0.118128 
  0.374985    0.37697 
  0.728745   0.014481 
  0.382013     0.4905 
  0.827577  0.0796647 
  0.923967   0.118042 
  0.938252   0.195973 
  0.726118   0.857863 
  0.103638    0.83891 
   0.56511   0.810401 
  0.406969   0.934977 
  0.160874   0.816055 
   0.43174   0.248101 
  0.830523   0.596219 
  0.645779   0.608169 
  0.495466   0.304382 
  0.755627    0.82861 
  0.455551   0.438145 
  0.897431   0.118944 
 0.0989933   0.780746 
  0.997533   0.539817 
  0.698849   0.561277 
  0.384786  0.0925763 
  0.929386   0.192648 
  0.841255   0.969377 
  0.318446      0.128 
  0.288386   0.909935 
  0.279053  0.0418133 
  0.755507      0.809 
  0.866245   0.973542 
  0.313588   0.467796 
  0.243043   0.823443 
  0.599616   0.743698 
  0.327666  0.0831767 
  0.951141   0.823081 
   0.52712   0.310802 
  0.646964   0.528517 
  0.786098   0.952491 
   0.51531   0.819254 
  0.207083   0.441171 
   0.75717   0.750571 
  0.841331   0.249552 
  0.217529 0.00176163 
  0.607765   0.712493 
  0.871079   0.223777 
 0.0149748   0.680696 
  0.452619   0.175361 
    0.2884    0.13139 
  0.272306    0.65001 
   0.71964    0.99075 
  0.535381   0.148002 
  0.469616   0.838895 
  0.313227   0.398227 
0.00527989   0.739131 
  0.580106   0.833602 
  0.347811   0.666053 
  0.354997   0.440056 
 0.0149171    0.71165 
  0.706767   0.635577 
  0.146365   0.957588 
  0.183773    0.67972 
 0.0481269   0.868372 
  0.730391   0.687771 
  0.373259    0.37167 
  0.663645   0.885499 
  0.586742   0.364694 
  0.406085  0.0745568 
 0.0756463   0.387668 
  0.531298    0.53009 
  0.229013  0.0196013 
  0.439384   0.726733 
  0.208291   0.749222 
   0.16675    0.57513 
  0.211249   0.463603 
  0.769233   0.500986 
 0.0678485   0.329472 
  0.430096   0.618497 
 0.0832096   0.503956 
  0.994747   0.709054 
 0.0628703   0.660779 
  0.710643   0.782565 
  0.561767   0.616937 
  0.851959   0.876326 
  0.416612   0.994392 
  0.751598   0.103922 
  0.622708   0.854273 
  0.763145   0.172256 
   0.11394   0.992885 
  0.414314   0.380143 
 0.0625008   0.450931 
  0.789566   0.228458 
  0.697292   0.386877 
  0.247649   0.231502 
  0.849283   0.902588 
  0.803928   0.613534 
  0.663458   0.738469 
  0.452902   0.931007 
    0.224398   0.451462 
  0.715798   0.416583 
  0.502231    0.99779 
  0.863236   0.409162 
  0.786548   0.514712 
  0.771566    0.70622 
  0.438404   0.251553 
     0.852   0.563943 
   0.19514   0.722395 
  0.293538   0.500634 
   0.15786   0.147209 
  0.138304   0.475177 
  0.297085   0.101911 
  0.817348   0.164487 
   0.53356   0.536724 
  0.718852   0.742194 
 0.0522343   0.902537 
  0.939795   0.131732 
 0.0130185   0.801453 
  0.023918   0.990367 
 0.0989279   0.681806 
  0.119011   0.218501 
  0.340575  0.0496359 
  0.230637   0.322791 
  0.140167   0.787823 
  0.938271   0.525166 
  0.468562   0.128925 
  0.845487  0.0944503 
  0.426406   0.601048 
   0.81469   0.500399 
  0.213463   0.680438 
  0.123182   0.312489 
0.00263578   0.299512 
  0.895311   0.493562 
  0.296575   0.533484 
  0.273822   0.123668 
  0.489378   0.973697 
  0.917272   0.590693 
  0.777236 0.00798102 
  0.136925   0.304765 
  0.177633   0.476049 
  0.958731   0.390396 
  0.381762   0.268878 
 0.0292743  0.0128194 
  0.456306    0.14251 
  0.163554   0.859541 
  0.309192   0.583591 
  0.408638   0.983291 
  0.179853   0.793054 
   0.86483   0.194418 
  0.579587    0.12679 
  0.953115  0.0119271 
  0.459183   0.486736 
  0.577005   0.717246 
  0.745845   0.421973 
   0.10371  0.0468869 
 0.0280969   0.225066 
  0.678881    0.95977 
  0.854407  0.0114336 
  0.164194   0.610452 
  0.874933   0.991373 
 0.0045586   0.616445 
   0.59701   0.947367 
  0.391368   0.722595 
  0.647498   0.493592 
  0.796265   0.826644 
  0.406828   0.558641 
 0.0791849   0.860866 
  0.574883  0.0662709 
   0.81486   0.345308 
  0.594067   0.481872 
  0.822086    0.80159 
  0.323744    0.15864 
  0.256487   0.774973 
  0.968328   0.689158 
  0.683318   0.519876 
  0.555271    0.43842 
   0.52665   0.405253 
 0.0910185   0.747277 
   0.49079   0.708938 
  0.118894   0.252658 
  0.415874   0.593596 
  0.573201   0.782563 
  0.533827  0.0270328 
  0.340959   0.495355 
  0.437574   0.310097 
  0.802318   0.556883 
  0.534539 0.000634303 
  0.660728   0.855808 
  0.567655    0.57045 
  0.556277   0.350453 
 0.0591996   0.968406 
  0.995692    0.60167 
  0.272363   0.608294 
  0.601034   0.573216 
 0.0334841   0.766852 
  0.489268   0.122838 
  0.545754   0.488047 
  0.607538   0.884005 
  0.478951   0.723476 
  0.460741   0.669033 
   0.43577    0.98409 
  0.603931   0.274176 
 0.0708556   0.870748 
  0.657585  0.0246695 
  0.619497   0.892294 
  0.788441   0.325491 
  0.529892   0.897022 
  0.253215   0.785118 
  0.478218   0.417403 
  0.284193   0.438888 
  0.389435   0.238725 
  0.244778   0.978265 
  0.694158    0.71236 
  0.633708   0.727053 
  0.587887   0.615582 
  0.085857    0.99901 
  0.361695 0.00159059 
  0.732991    0.38369 
  0.679736   0.315969 
  0.486096   0.811333 
 0.0712362   0.266425 
  0.811904   0.671546 
  0.672705   0.147638 
  0.359671   0.997683 
 0.0610581   0.202686 
  0.549006   0.148834 
  0.459807   0.974384 
  0.474628  0.0731998 
  0.268628   0.830795 
  0.171757   0.714399 
  0.903289   0.580743 
  0.547158  0.0836895 
  0.569633   0.813838 
  0.175185   0.339878 
  0.322009  0.0120118 
  0.882009   0.925083 
  0.868974   0.852579 
   0.29684   0.983088 
  0.767893   0.973549 
  0.435382   0.458855 
  0.973067   0.336796 
  0.523364   0.186555 
  0.435984   0.575901 
  0.161808   0.513928 
   0.58645   0.468384 
   0.12968   0.539701 
  0.756063     0.1469 
  0.942025   0.618428 
   0.92144   0.640071 
  0.673904    0.30752 
  0.495847   0.702283 
  0.266679  0.0673984 
  0.765395   0.999384 
   0.65307   0.151807 
  0.427739 0.00658928 
  0.746107   0.818123 
  0.194687   0.112417 
    0.3937   0.909992 
  0.243434   0.391144 
  0.954519   0.595556 
  0.510773   0.562399 
  0.245287   0.535938 
  0.504763   0.551466 
  0.492608   0.267897 
  0.539545    0.12778 
  0.600734   0.540304 
  0.896525   0.896703 
  0.890282   0.962709 
  0.242843   0.459653 
  0.395196  0.0650077 
  0.583665   0.659002 
  0.854939   0.952943 
  0.114081    0.35698 
  0.770903   0.568608 
  0.590551   0.384801 
  0.353061   0.901589 
0.00458699  0.0935956 
 0.436138    0.17179 
  0.273069    0.46522 
  0.955457   0.369525 
  0.607398    0.53323 
  0.999677    0.57527 
  0.555215      0.505 
  0.540809   0.380896 
  0.724384    0.72994 
  0.104473    0.88574 
  0.639572   0.287519 
  0.332947   0.834822 
   0.86017   0.869593 
  0.256493   0.871668 
  0.117701   0.192914 
  0.305698   0.859094 
  0.796018   0.674653 
  0.900227   0.112347 
  0.221748   0.915445 
  0.880067   0.285789 
   0.25732   0.771159 
  0.861763   0.644237 
  0.684291   0.882928 
  0.369671  0.0662473 
   0.41782   0.301778 
  0.980467   0.702029 
0.00736497   0.783108 
  0.703318   0.672688 
  0.870522   0.869669 
  0.524435   0.177187 
  0.980344   0.642137 
  0.393063   0.217912 
  0.447246   0.868569 
   0.03164   0.773726 
0.00981986  0.0424671 
  0.744825   0.278844 
  0.523352   0.969781 
  0.102328   0.819686 
  0.470454   0.926986 
  0.854907   0.426604 
  0.934753   0.387852 
  0.632231   0.906357 
  0.147352   0.540272 
  0.343122   0.859704 
 0.0379492    0.81188 
  0.271485   0.855588 
  0.870384   0.540878 
  0.534808   0.524331 
  0.423039  0.0212741 
  0.554457   0.763045 
  0.498689   0.467937 
  0.617603  0.0460542 
 0.0323964   0.486974 
  0.571333   0.395105 
  0.522923   0.772503 
  0.453133   0.808895 
 0.0947851  0.0528843 
  0.826935   0.303686 
 0.0426909   0.506413 
  0.285959   0.109358 
  0.982687   0.019645 
  0.173411   0.524346 
  0.675854  0.0864445 
   0.87318   0.538257 
  0.478759   0.506533 
   0.29984   0.413003 
  0.344194   0.871592 
  0.838942   0.102172 
  0.196499   0.555389 
   0.42433    0.71424 
  0.233339   0.727394 
  0.302702   0.508484 
 0.0921238   0.325341 
  0.998453   0.999447 
  0.711751   0.399947 
  0.915277  0.0685847 
  0.703079   0.646217 
  0.966967   0.821533 
  0.497814   0.752719 
  0.952958    0.36321 
  0.467853   0.199519 
  0.319607   0.637252 
   0.29362   0.877285 
  0.523256   0.367778 
  0.237859    0.69947 
  0.999001   0.202858 
   0.44218   0.722977 
 0.0792627   0.168652 
  0.539282    0.71561 
  0.251904    0.75068 
  0.674102   0.637241 
  0.116275   0.231005 
  0.506655   0.355788 
  0.732259  0.0843082 
  0.967997   0.128374 
  0.585624   0.581955 
  0.922187   0.193661 
  0.864539   0.311585 
  0.811254   0.744299 
  0.429059   0.196342 
  0.917629   0.585903 
  0.274474  0.0861261 
  0.521532   0.393338 
  0.826258   0.922274 
  0.661199    0.77827 
  0.376761   0.214791 
   0.99452   0.904006 
  0.626417   0.198418 
  0.813554   0.408778 
   0.32768   0.324292 
  0.367318   0.511847 
  0.620385   0.803852 
  0.341577   0.879053 
  0.250295   0.716162 
  0.534048   0.751258 
  0.386674   0.821554 
  0.854751   0.796623 
  0.844887  0.0197765 
  0.383249    0.27113 
  0.883419   0.620394 
  0.964801    0.41619 
  0.902504   0.390258 
 0.0743993   0.429715 
   0.22379   0.239576 
   0.55214   0.814156 
  0.516847   0.642579 
  0.822119   0.358702 
  0.709655   0.167895 
  0.807478   0.278001 
  0.359048   0.513119 
  0.989323   0.555229 
  0.734376   0.650304 
  0.661679   0.842451 
 0.0721342   0.360306 
  0.669352   0.806694 
  0.106581   0.312341 
  0.513709   0.915202 
  0.801957   0.495908 
  0.725268   0.570967 
  0.239063   0.924139 
0.00498651   0.808315 
  0.353593   0.834881 
  0.839796   0.454535 
  0.374672    0.10868 
  0.592807   0.314267 
  0.880309   0.355705 
  0.327137   0.184438 
  0.855266   0.459639 
  0.154121   0.306519 
  0.672926   0.858989 
 0.0257246   0.353127 
  0.998768   0.287107 
  0.403714   0.223334 
  0.576058   0.802292 
  0.127505   0.976868 
  0.225843    0.73854 
  0.646862   0.809815 
  0.561671 0.00131563 
  0.111739 0.00284964 
  0.893928   0.255272 
  0.349887   0.542663 
  0.542611   0.659327 
  0.304557   0.687894 
  0.434005   0.323591 
  0.589822   0.134436 
   0.46249  0.0701273 
  0.629891   0.585426 
  0.253674   0.504712 
  0.696318  0.0161868 
  0.052367    0.13288 
  0.315584  0.0252401 
  0.210314   0.743236 
  0.574919   0.671007 
  0.608212   0.212949 
 0.0311105    0.87354 
  0.579455    0.89204 
  0.521551   0.712622 
 0.0418633   0.596998 
  0.751981   0.550487 
  0.0.0613397   0.937045 
  0.913961   0.942758 
  0.932211   0.662708 
  0.141458   0.490619 
  0.828615   0.529799 
  0.337141   0.325122 
  0.332746   0.461775 
 0.0465467   0.309807 
  0.929386   0.183852 
  0.992781   0.668995 
  0.795698   0.297625 
  0.178261  0.0317865 
  0.235111   0.512653 
  0.160692   0.752665 
 0.0422424   0.968493 
  0.454535   0.376918 
  0.860026   0.451535 
  0.946855   0.784506 
  0.196991   0.828941 
 0.0186121   0.813335 
    0.7165   0.219217 
  0.379018    0.15998 
  0.781185   0.369214 
  0.377082   0.618641 
  0.496486   0.444006 
  0.407056   0.394532 
  0.906061   0.163802 
 0.0121423  0.0757403 
  0.967099  0.0407857 
  0.484557   0.953486 
  0.243016   0.373818 
  0.753687   0.217938 
  0.877587   0.605387 
  0.745886    0.10988 
  0.749136   0.732287 
  0.540092   0.334165 
  0.315523   0.993357 
   0.34756   0.448321 
  0.930976   0.909056 
  0.496372   0.521435 
  0.754786   0.680319 
  0.125203    0.29363 
 0.0311433   0.424633 
  0.812807   0.840803 
  0.370591   0.517645 
 0.0529686   0.243649 
 0.0110196   0.206904 
  0.435994   0.745741 
  0.663349   0.905025 
  0.752963  0.0502031 
  0.762983   0.454918 
  0.799284   0.558203 
   0.71256   0.997012 
   0.77613   0.419047 
  0.923275   0.478463 
  0.519743   0.315067 
  0.325018   0.570435 
  0.308792   0.862516 
  0.307701   0.533934 
  0.830111    0.67428 
  0.627509   0.548217 
  0.890088    0.71446 
   0.93079   0.782335 
  0.703093   0.883559 
  0.981931   0.308533 
  0.521714   0.451961 
  0.109242  0.0382412 
  0.719256   0.542323 
  0.816369   0.721254 
   0.11452   0.732371 
   0.95708   0.645322 
  0.925922   0.975692 
  0.454196   0.665883 
  0.499875   0.402639 
  0.148538   0.474324 
  0.956421   0.572731 
  0.894013   0.677957 
  0.420553   0.233737 
  0.422242   0.620511 
  0.924407   0.505274 
  0.141102    0.50354 
  0.999139   0.525584 
  0.490021   0.781709 
  0.182715   0.894906 
  0.684519   0.710899 
 0.0803056   0.696597 
  0.701145   0.150803 
   0.54601   0.788355 
  0.886762    0.80676 
  0.215038   0.140813 
  0.651097   0.992037 
  0.158559   0.904427 
  0.701307   0.859682 
  0.668318   0.413684 
  0.787723   0.268508 
  0.806528   0.317467 
  0.664629   0.422618 
  0.933088   0.410492 
  0.134839   0.247209 
  0.836358   0.661729 
  0.678041   0.835623 
  0.318136   0.909337 
  0.233564   0.503069 
 0.0778357   0.184071 
  0.675268   0.223685 
  0.478713   0.733648 
   0.41711   0.365015 
  0.809066   0.975828 
  0.743456   0.258142 
  0.590249   0.318127 
  0.762084    0.35008 
  0.788932   0.575604 
  0.168499   0.958177 
 0.0792312   0.639065 
  0.771772   0.170273 
  0.773427   0.990026 
  0.362841   0.269196 
  0.377478   0.281112 
  0.642466   0.920711 
  0.384611   0.152233 
  0.576994   0.539916 
  0.362642   0.916583 
0.00902046   0.606822 
  0.850853   0.288151 
  0.962127   0.461807 
   0.58277   0.621362 
  0.228036    0.59764 
  0.540052   0.657646 
  0.057578   0.713701 
  0.171507   0.515552 
   0.87995   0.325385 
  0.751381   0.460818 
  0.966168   0.377239 
  0.254585   0.818146 
  0.583337   0.147438 
  0.998395  0.0168937 
  0.931676   0.685378 
  0.143115   0.338531 
   0.69099   0.476919 
  0.574953   0.233558 
  0.412886   0.367903 
  0.343943   0.649798 
  0.146809   0.412009 
  0.638535   0.858977 
  0.832531   0.342826 
  0.881389     0.5086 
 0.0444586    0.21582 
  0.279706  0.0267565 
  0.695727   0.082732 
   0.47706   0.945396 
  0.267293   0.397267 
   0.86121   0.352043 
  0.789193   0.973123 
   0.27859   0.254638 
  0.708607   0.558259 
  0.654182   0.834454 
  0.674865   0.451019 
  0.280677   0.334006 
  0.645698   0.244612 
  0.192789   0.211518 
  0.977743   0.923905 
 0.0723534  0.0428401 
 0.0132697  0.0233411 
  0.294505   0.747793 
  0.160693   0.771425 
  0.338321    0.15445 
  0.838902   0.419986 
  0.705195    0.21748 
  0.185581  0.0579911 
  0.655863  0.0834212 
 0.0596559   0.637269 
  0.585849   0.366756 
 0.0703817   0.905053 
  0.233737   0.416529 
  0.597925   0.332522 
  0.690678   0.221019 
  0.663334   0.656569 
  0.954341   0.603645 
  0035726   0.446954 
   0.95951   0.480178 
    0.3578   0.549171 
  0.923869   0.471038 
  0.731501   0.345155 
 0.0164052    0.72212 
  0.675589    0.62874 
  0.237498   0.636867 
  0.829869   0.607284 
  0.621287   0.975723 
  0.973084   0.621237 
  0.132737   0.906385 
  0.616378   0.468377 
 0.0144763    0.30346 
   0.24572   0.816958 
  0.608291   0.539205 
  0.424689   0.751439 
   0.43081   0.628092 
  0.345266   0.893286 
  0.456784   0.165931 
  0.810127   0.812538 
  0.334137   0.834506 
   0.54936   0.088853 
  0.352563   0.523797 
  0.458505  0.0872147 
  0.817071   0.518386 
  0.520242   0.704019 
  0.443986  0.0700058 
  0.588148 0.00725514 
   0.93722   0.858296 
  0.379422   0.943658 
  0.052889   0.905543 
   0.46923   0.342547 
  0.188338   0.400091 
  0.335426   0.498812 
  0.536861  0.0265116 
  0.579792   0.570721 
  0.104486  0.0891165 
  0.780535   0.447422 
  0.815275   0.324254 
  0.733585    0.37099 
  0.235025  0.0680697 
 0.0472945     0.8779 
  0.859542   0.324578 
  0.186882   0.928702 
  0.689451   0.600242 
  0.266815   0.354545 
  0.842451  0.0763214 
  0.733023     0.9182 
  0.184515   0.137053 
  0.455506   0.682579 
  0.107826   0.225534 
  0.556607   0.898879 
  0.458726   0.805523 
  0.420218   0.606961 
  0.197919   0.418513 
   0.95341   0.967169 
  0.215132   0.729668 
  0.532082   0.695311 
 0.0977914   0.579596 
  0.262601   0.528353 
 0.0310832   0.414922 
  0.596607   0.175765 
 0.0824707  0.0852771 
  0.252504   0.829533 
  0.958438   0.460401 
  0.966717   0.608715 
  0.679523   0.741862 
  0.466695   0.750819 
   0.02224    0.78828 
  0.625488   0.571436 
  0.128129   0.461503 
  0.481418   0.186445 
  0.589344    0.10325 
  0.330431    0.55665 
  0.624016   0.829411 
   0.90544   0.730891 
 0.0898092   0.423409 
  0.243339   0.806022 
  0.817059    0.31602 
  0.347654  0.0172028 
  0.127525   0.307548 
  0.960467   0.574614 
  0.532236    0.29113 
 0.0252115    0.73044 
  0.503756   0.634589 
  0.538168    0.98505 
  0.730439   0.490467 
  0.283425   0.520331 
  0.197126    0.09167 
  0.697769   0.401666 
  0.808041   0.751829 
  0.983133   0.511241 
  0.432667   0.828884 
 0.0483849   0.205276 
  0.080313   0.821013 
  0.757364 0.00860993 
  0.707157   0.189128 
  0.680947   0.675024 
  0.127442   0.915777 
  0.464064   0.524562 
  0.320626   0.760534 
  0.294148   0.739294 
  0.312291   0.675443 
   0.16579   0.427108 
  0.397578  0.0920028 
  0.290438   0.384309 
 0.0820447    0.92555 
  0.721617   0.213077 
  0.186101   0.803505 
  0.504921   0.205865 
  0.980373   0.124578 
  0.776938   0.996788 
 0.0173285   0.239384 
  0.332763   0.745003 
  0.267562   0.910812 
 0.0190098   0.497406 
  0.906775   0.166611 
  0.230937   0.355256 
  0.779472   0.588469 
    0.3942   0.317564 
    0.2908   0.475776 
  0.362539   0.193553 
 0.0441962   0.805903 
  0.813759   0.851465 
  0.564542   0.260235 
  0.763299   0.762542 
 0.0441442   0.930766 
  0.389827   0.819942 
  0.765441   0.760514 
  0.966043   0.280602 
 0.0703687   0.685962 
  0.964896 0.00113918 
  0.146132  0.0464775 
  0.147216   0.254033 
   0.52445   0.432984 
  0.161412   0.846487 
  0.913975     0.1823 
  0.909292   0.474805 
 0.0460461   0.897454 
  0.512431   0.424368 
   0.34953   0.550216 
  0.478212    0.30986 
  0.823447   0.666156 
 0.0779725   0.484115 
  0.526598   0.538193 
  0.414083   0.500447 
 0.0186247  0.0250067 
  0.287518   0.320761 
 0.0304863   0.382683 
  0.751338   0.737904 
  0.952215   0.869233 
   0.20055   0.641194 
  0.542255   0.683283 
  0.943362  0.0871829 
  0.283571   0.981982 
  0.172244   0.900476 
  0.299713   0.279151 
  0.697795     0.8361 
  0.339123   0.647658 
  0.193306   0.887823 
  0.638141   0.228485 
  0.149954   0.269468 
  0.948274   0.637832 
 0.0407606  0.0640073 
   0.77044   0.791028 
  0.808979   0.506185 
   0.44606   0.935135 
  0.809826   0.753519 
  0.387116   0.265002 
  0.893533   0.617219 
  0.601806   0.554564 
  0.553468   0.135407 
  0.786285  0.0909824 
  0.141422   0.887534 
  0.789736  0.0948816 
  0.675275   0.347342 
  0.775766   0.297738 
 0.089.455895   0.226199 
  0.720954  0.0798163 
  0.473258   0.053312 
 0.0154556   0.762095 
  0.531127   0.652585 
  0.993522   0.122001 
   0.46268   0.262089 
  0.922172   0.949267 
  0.334029  0.0241889 
  0.543584  0.0217761 
  0.990548   0.134111 
0.00911507   0.197038 
  0.619413   0.466752 
  0.706482   0.838475 
  0.242963   0.475797 
  0.713262   0.796453 
    0.9855   0.294265 
  0.711969  0.0694815 
  0.774929   0.224792 
 0.0731335   0.155288 
  0.922743   0.536648 
  0.439882  0.0999311 
  0.541692   0.215278 
  0.183391    0.25942 
 0.0759259   0.087152 
  0.763869   0.346698 
  0.956429   0.697116 
   0.42408   0.513342 
    0.7471   0.503441 
   0.34059   0.300596 
  0.121352   0.563052 
  0.215297   0.502058 
 0.0835401  0.0578297 
  0.944574   0.447475 
  0.707888   0.472067 
 0.0317925   0.335836 
  0.403987   0.801189 
  0.579863   0.756588 
  0.973221   0.918746 
  0.365824   0.404769 
  0.949106   0.618592 
  0.673215   0.720996 
  0.772004  0.0698551 
 0.0548229   0.409073 
  0.294873   0.938443 
  0.419577   0.825676 
  0.134022   0.506476 
  0.336328   0.664367 
 0.0173734     0.9952 
  0.331577   0.817783 
  0.486752   0.841231 
  0.564511   0.737128 
  0.909077   0.858412 
  0.327977   0.301385 
  0.376772   0.404839 
   0.12663   0.268045 
  0.027571   0.385244 
  0.799476   0.793193 
    0.1996   0.678914 
   0.51491  0.0927952 
  0.608148   0.135352 
  0.856137  0.0879372 
   0.96009   0.236656 
  0.469104   0.233505 
  0.516727   0.633472 
  0.756525   0.916442 
  0.634289   0.490379 
  0.794755   0.454572 
   0.99758   0.332777 
  0.976006   0.736917 
  0.357502   0.536304 
  0.655186   0.706119 
  0.735503    0.60192 
   0.46797   0.174989 
 0.0357879   0.487838 
 0.0907194   0.721214 
  0.449396   0.993446 
  0.838773    0.26386 
  0.702251   0.729242 
  0.367487    0.34792 
  0.494825   0.526877 
  0.224482   0.873943 
  0.366482   0.461918 
  0.456959   0.107026 
  0.790147 0.00338211 
  0.843163  0.0329552 
  0.878868   0.126314 
  0.961109   0.358036 
  0.505949   0.483421 
   0.85378   0.478698 
  0.477373   0.212237 
 0.0687398   0.310496 
  0.512639   0.924899 
  0.782184   0.165095 
  0.757318   0.243207 
  0.574552   0.499828 
  0.615345    0.10474 
  0.356937  0.0464005 
  0.852484   0.694664 
  0.224789  0.0243596 
  0.411792   0.990375 
  0.229026   0.234459 
  0.546282   0.359644 
  0.530363    0.80819 
  0.253293   0.090979 
 0.0843213   0.187832 
  0.893305   0.783519 
  0.605511   0.821118 
  0.538246   0.300764 
  0.942617   0.567997 
  0.333053   0.618914 
 0.0828169   0.903236 
  0.681916   0.958341 
  0.834857   0.436582 
   0.62769   0.588472 
  0.453884   0.424736 
  0.536987   0.141682 
  0.245492   0.976308 
  0.806439   0.828234 
   0.12815   0.819489 
  0.151385   0.329488 
  0.705028   0.409457 
  0.742573   0.424441 
   0.57503    0.52631 
  0.693193   0.499418 
  0.714084   0.609306 
  0.606247   0.194671 
  0.833603   0.359997 
  0.470389   0.832484 
  0.558311   0.533506 
  0.631103   0.955235 
  0.627941   0.810869 
  0.274427   0.296508 
  0.411011   0.861171 
  0.697148   0.970157 
  0.430972    0.35285 
  0.357746   0.641813 
  0.958863   0.612404 
  0.669807   0.442718 
  0.764179   0.557495 
  0.815774   0.720633 
  0.681915   0.940012 
  0.773357   0.808917 
  0.469081   0.847602 
  0.651469   0.246245 
   0.63582   0.229499 
  0.194729   0.814442 
  0.333296   0.707393 
  0.160267    0.61234 
  0.593532   0.497631 
  0.675876   0.450003 
  0.198053   0.672289 
  0.153337   0.143012 
  0.610923    0.77656 
  0.646887   0.227532 
  0.128037   0.924177 
   0.64523   0.388612 
   0.40258   0.167573 
   0.39642   0.629732 
  0.906546   0.315709 
  0.114583   0.801312 
   0.65126   0.731438 
  0.278241   0.390512 
  0.337783   0.113655 
  0.200635  0.0643407 
  0.373651   0.955071 
  0.883351   0.481634 
  0.822013   0.574994 
  0.932359   0.158913 
  0.855911   0.296922 
  0.370892   0.574637 
  0.931702   0.111375 
  0.876462   0.691823 
  0.476321   0.530418 
  0.742424   0.919063 
  0.698289   0.150569 
  0.612962  0.0513774 
  0.499357   0.686763 
  0.41942  0.0873662 
   0.36421   0.280764 
  0.805982   0.141354 
  0.738005   0.650951 
  0.540763   0.602548 
 0.0282781   0.269437 
  0.431553   0.118445 
  0.710573   0.606347 
  0.879125   0.448669 
  0.782282   0.820983 
  0.259458   0.706066 
  0.852164   0.326386 
   0.56207   0.710549 
  0.196003   0.221355 
  0.306021   0.297216 
  0.301958  0.0103594 
  0.109793   0.296194 
  0.136531   0.678843 
  0.313124   0.676199 
  0.877293   0.655694 
  0.250229   0.591121 
  0.977003   0.486192 
   0.43021   0.531176 
  0.471716   0.133042 
 0.0418374   0.161437 
  0.279458   0.847491 
  0.779934   0.351891 
  0.223913   0.306152 
  0.499712   0.666297 
  0.460131   0.429919 
  0.652147   0.630748 
  0.974738   0.421745 
   0.27073   0.152068 
  0.810341   0.405656 
  0.858824   0.260347 
  0.659526   0.658618 
  0.390843    0.89528 
  0.965478    0.78432 
 0.0643694    0.85617 
  0.654324    0.21828 
  0.638217   0.520501 
 0.0657092   0.374083 
  0.205302    0.51722 
  0.918036   0.424475 
  0.152225   0.438186 
  0.585705   0.946647 
  0.297843   0.849298 
  0.146693    0.46754 
  0.943533   0.961073 
  0.748604   0.789924 
  0.252587   0.226657 
  0.426688   0.344493 
  0.895017   0.552102 
   0.17867   0.911525 
0.00162722   0.348707 
  0.724559   0.661643 
  0.239147   0.350197 
   0.76844   0.165283 
  0.911431   0.418744 
  0.831055   0.548145 
  0.672462  0.0653808 
  0.854763    0.99481 
  0.776296    0.21335 
   0.78054   0.535883 
  0.586894   0.931211 
  0.856027   0.239075 
  0.130708   0.813367 
  0.255189   0.965175 
  0.693345  0.0485601 
  0.150136   0.330009 
  0.458016   0.877103 
    0.4681   0.356034 
   0.85505   0.823422 
  0.250834   0.762169 
  0.776482   0.340048 
  0.179206   0.906943 
  0.983799   0.704695 
  0.802638   0.939609 
 0.0160149    0.16187 
  0.544661   0.113149 
  0.689317   0.352055 
  0.984868   0.680902 
  0.922855   0.425237 
  0.955077   0.975835 
  0.863676   0.810106 
  0.443603   0.642804 
  0.599618   0.782141 
  0.441281   0.616519 
  0.840589   0.775751 
 0.0546435   0.393957 
  0.230454   0.232463 
  0.997603   0.714696 
   0.88853   0.521034 
 0.0252897  0.0447221 
  0.644519   0.436345 
  0.654822   0.587228 
  0.546599   0.692868 
 0.0353285   0.765763 
  0.175141   0.595543 
   0.28913   0.412239 
  0.502562   0.564202 
  0.536599   0.627309 
  0.189077   0.819115 
  0.865331   0.624967 
    0.8219   0.668647 
  0.957923   0.814533 
  0.856777   0.853233 
  0.292286    0.44702 
  0.063967  0.0928411 
  0.380868   0.255788 
 0.0364129   0.991412 
  0.667742   0.733999 
  0.325197   0.583595 
  0.488765   0.667166 
 0.0671419   0.453105 
  0.335806   0.898567 
  0.222368   0.343761 
  0.589718   0.397796 
  0.753452   0.271554 
0.000218154   0.666513 
 0.0860649   0.492553 
  0.331104   0.860917 
  0.437529   0.555893 
  0.900288   0.138799 
  0.797276   0.820267 
  0.220819   0.307277 
  0.411484   0.813709 
0.00597404   0.405751 
  0.461673   0.330897 
  0.385117   0.664286 
  0.653832   0.955599 
  0.749923   0.957199 
  0.647581   0.895952 
  0.263296   0.210696 
  0.172067   0.923309 
 0.0620279   0.503378 
  0.270311   0.113454 
  0.826726   0.781561 
  0.697279    0.17645 
  0.591139   0.271204 
  0.123186   0.389876 
  0.648285   0.724938 
 0.0278156   0.496006 
  0.365009    0.71065 
  0.888142 0.00652899 
  0.732733  0.0422387 
  0.906359   0.176035 
  0.626265   0.636628 
  0.812437   0.629874 
  0.297298   0.690004 
  0.894775   0.491711 
  0.190342  0.0699224 
  0.185334   0.911033 
  0.728059    0.49135 
  0.114254   0.261182 
  0.681789   0.835963 
 0.0228547   0.118493 
  0.508965   0.170729 
  0.444858   0.724577 
  0.966473   0.504458 
  0.421892   0.732428 
  0.916413   0.152779 
  0.759501   0.932913 
  0.463856  0.0260658 
 0.0877969   0.603038 
  0.264076   0.325429 
  0.490574  0.0733702 
  0.133244   0.423549 
  0.587392   0.294336 
  0.900294   0.241082 
  0.864629   0.826222 
  0.319393  0.0423032 
   0.98909   0.639798 
 0.0889588   0.130479 
   0.96313   0.319548 
  0.637684   0.550394 
  0.476745   0.645707 
   0.40175     0.2085 
  0.25533083   0.829234 
  0.943754   0.674951 
  0.901363   0.205886 
  0.334289   0.394895 
0.00521297   0.614404 
  0.284571   0.792749 
  0.737353   0.686365 
   0.73033   0.658259 
  0.366456  0.0251675 
  0.990691   0.552021 
  0.819535   0.927698 
   0.82577   0.708147 
  0.833343   0.990386 
  0.424051  0.0246014 
  0.475306   0.462281 
  0.557152  0.0521543 
  0.558084   0.720859 
  0.471458   0.800106 
  0.381574   0.120095 
  0.430971   0.323541 
   0.74873   0.899882 
  0.314119     0.3991 
  0.667654    0.26063 
  0.415814   0.592455 
  0.390879   0.505353 
  0.467601    0.97479 
  0.300803   0.595094 
  0.741857   0.393159 
  0.821762   0.354633 
  0.311641   0.744525 
  0.230921  0.0969149 
  0.848623   0.812388 
  0.811995   0.203824 
  0.667019   0.580039 
    0.7171   0.298493 
  0.766394   0.785827 
  0.398734   0.516355 
  0.373746   0.545123 
  0.889617   0.792523 
  0.934716   0.763551 
  0.994409  0.0254111 
 0.0849783    0.23051 
  0.187788   0.157713 
  0.678349  0.0168831 
  0.753869   0.278369 
    0.5458   0.266184 
  0.752124   0.943165 
  0.768317   0.106056 
  0.477841       0.08 
  0.560244  0.0292405 
   0.44511    0.96823 
 0.0436485   0.600285 
  0.989674   0.447734 
 0.0612197   0.919806 
  0.180605   0.426567 
  0.319357   0.440033 
  0.630141   0.787834 
  0.126707   0.560491 
  0.177905  0.0481515 
  0.282262    0.97478 
   0.11963   0.626836 
  0.234254   0.101255 
  0.792983   0.668428 
   0.27582   0.705194 
  0.198423   0.891067 
  0.159032   0.842791 
  0.795198   0.894037 
 0.0836289   0.550264 
  0.280008  0.0931801 
 0.0774948   0.454871 
 0.0159109   0.414836 
   0.15344   0.870707 
  0.972269   0.918251 
 0.0394594   0.193492 
 0.0252969    0.16434 
 0.0680733    0.10809 
  0.663438   0.401685 
  0.118803   0.722782 
  0.803661    0.13203 
 0.0213626  0.0412952 
 0.0489609   0.886589 
    0.9027   0.671832 
  0.474354   0.474496 
  0.848155   0.943921 
   0.48209   0.480601 
  0.456035   0.587657 
  0.749309   0.629288 
  0.436214   0.444624 
  0.789706    0.58119 
 0.0610125   0.436414 
  0.815707   0.587344 
   0.48404   0.266936 
  0.399654   0.981871 
  0.303064   0.598996 
  0.325008   0.409494 
  0.365716    0.59467 
  0.626388   0.708464 
  0.153403   0.248792 
  0.453472   0.496928 
  0.865376   0.377739 
  0.652514   0.810957 
  0.762212   0.498496 
  0.227155   0.792599 
  0.216213   0.892519 
   0.56547   0.856662 
  0.925199   0.826639 
  0.320292   0.145317 
  0.351137   0.566357 
  0.767539  0.0345477 
  0.642538   0.138134 
  0.613708   0.582522 
  0.439615   0.614764 
  0.339912   0.894814 
  0.131188   0.879935 
 0.0695883   0.570313 
  0.256467   0.445256 
  0.412851    0.79254 
   0.21191   0.568931 
 0.0237101   0.495784 
  0.634993   0.326972 
  0.414005   0.188255 
  0.998451   0.969872 
   0.63045   0.967435 
  0.676429   0.741195 
  0.256314   0.864612 
  0.537202   0.760415 
   0.29336   0.498368 
 0.0784878   0.145167 
  0.819847      0.168 
  0.582577    0.36373 
  0.202175    0.94954 
  0.926441    0.68828 
  0.923779   0.956737 
  0.879487   0.538179 
   0.17833   0.187655 
  0.919504   0.107083 
  0.740026   0.613191 
  0.905512   0.940817 
  0.305705     0.9838 
  0.719134   0.489857 
 0.0314289   0.225508 
  0.117423    0.52436 
  0.910466    0.19472 
  0.653924   0.493261 
  0.242235   0.246062 
    0.5563   0.740621 
  0.612552   0.160533 
 0.0807192   0.646757 
 0.0446792   0.923546 
 0.0437637   0.536936 
  0.278425   0.495922 
  0.953664   0.238238 
 0.0691802   0.710939 
  0.751276    0.69425 
  0.256628   0.143913 
  0.746808   0.597318 
  0.115799   0.236667 
  0.654503   0.232168 
 0.0512046   0.596447 
  0.479612   0.840607 
 0.0742022   0.116657 
  0.647313   0.394584 
  0.778294   0.787214 
   0.71409   0.715643 
  0.810175   0.604184 
  0.512945  0.0684518 
  0.468854  0.0276845 
  0.293219   0.133772 
  0.303481   0.597961 
  0.938189   0.137027 
0.00569285   0.679743 
  0.447538   0.767852 
  0.292404   0.438604 
  0.616454   0.734785 
  0.538589    0.06746 
  0.799517   0.481945 
 0.0511079   0.969689 
   0.56112   0.740756 
  0.892177   0.755092 
  0.824498   0.334896 
  0.604644   0.259055 
  0.936578  0.0584698 
  0.702505 0.00261163 
  0.893644   0.477156 
  0.557158   0.159383 
   0.75732   0.269378 
  0.436916   0.244026 
  0.341386   0.678381 
  0.556456   0.363597 
  0.976097   0.261846 
  0.837833   0.455307 
   0.34014   0.738492 
  0.838163  0.0101662 
  0.863728   0.683184 
  0.273098   0.950126 
  0.773735   0.164078 
  0.652271   0.725726 
  0.272944   0.365601 
  0.655343   0.351713 
  0.243256   0.402613 
  0.723965   0.680855 
  0.123298   0.261725 
  0.804151   0.361058 
  0.297168   0.501712 
  0.271522   0.465599 
  0.320205   0.686506 
  0.102041 0.00111614 
  0.758899   0.819796 
  0.307084   0.162805 
  0.267077   0.770363 
  0.487891   0.978026 
  0.686407   0.447194 
  0.993502   0.791548 
  0.542651    0.33857 
  0.337652   0.918202 
  0.220305   0.659359 
  0.838644  0.0896324 
  0.452402   0.525893 
  0.691637   0.347229 
   0.88119   0.156136 
  0.175219   0.898031 
  0.202446   0.516775 
  0.433467   0.286153 
  0.381266   0.933474 
  0.891852   0.364864 
  0.261153   0.191209 
  0.652788   0.414444 
  0.552273  0.0602221 
  0.152053    0.54718 
   0.44753   0.629866 
  0.149662   0.361168 
  0.155978   0.515623 
  0.069175   0.623831 
  0.735694   0.807014 
   0.48066   0.444561 
  0.731064   0.990739 
    0.3515    0.66767 
  0.522571   0.854046 
  0.946984   0.952144 
  0.692022   0.812608 
   0.51105   0.224012 
  0.966501   0.978391 
   0.82419   0.168319 
  0.933802   0.405608 
 0.0519883   0.766692 
  0.795651   0.499218 
  0.350804   0.954843 
  0.041903   0.262928 
 0.0392989   0.496142 
  0.658151   0.545651 
  0.758756   0.412483 
  0.598829   0.521751 
 0.0729991   0.895807 
  0.831768   0.524525 
  0.688146   0.665723 
   0.80564   0.387533 
  0.260767   0.707759 
  0.302175   0.653879 
  0.737837    0.82031 
  0.953547   0.269617 
  0.448564    0.01501 
  0.273042  0.0216529 
  0.919776   0.682284 
  0.152521   0.417283 
  0.268833   0.274601 
  0.218522   0.701903 
  0.886239  0.0171525 
  0.282081   0.937984 
  0.695537   0.894113 
  0.351415   0.225027 
  0.030545     0.3694 
  0.509516   0.434505 
  0.726247  0.0314571 
  0.698925   0.838228 
 0.0902991   0.656946 
  0.284911   0.495105 
  0.222096   0.768959 
  0.885651   0.129576 
  0.781288   0.108898 
  0.254319   0.347685 
  0.541061   0.609374 
  0.749789   0.707048 
   0.34965   0.565373 
  0.222517   0.835035 
  0.435365   0.172746 
  0.346146   0.673032 
  0.650492   0.814657 
  0.945009   0.765866 
  0.904354    0.47522 
 0.0182533   0.782937 
  0.825367   0.939543 
  0.903418   0.749907 
  0.692057   0.410394 
  0.498847   0.114126 
  0.122227   0.272752 
  0.145801    0.48315 
  0.299741   0.744382 
  0.830073  0.0388729 
  0.337565   0.463319 
0.00317772   0.407989 
 0.0723701   0.324034 
 0.0344599   0.166962 
  0.135095   0.541866 
  0.145299  0.0374409 
  0.268733   0.595015 
   0.41996   0.266128 
  0.816027     0.9714 
   0.32694   0.881077 
  0.254109   0.809642 
  0.647788   0.378185 
  0.160601   0.220332 
  0.127164   0.246855 
  0.886556   0.346738 
  0.621975   0.539082 
  0.345074   0.661911 
  0.740202   0.573688 
  0.967709   0.277254 
  0.808408    0.91223 
  0.848465   0.150922 
  0.545608  0.0355369 
  0.268556   0.622216 
   0.58036   0.118124 
  0.315317   0.532873 
  0.993768   0.265875 
  0.564595   0.145663 
  0.159423   0.415063 
  0.968169  0.0194037 
  0.118413   0.165553 
  0.446319   0.280092 
  0.512132   0.404636 
  0.722206   0.119429 
  0.246048   0.329758 
  0.247805   0.860896 
 0.0738145   0.600265 
   0.65415   0.291218 
  0.505452       0.13 
   0.91637    0.42729 
  0.469616   0.830756 
  0.513927   0.568692 
0.00914269   0.661204 
  0.862552   0.907201 
  0.328506   0.197791 
  0.274386   0.597895 
   0.82189    0.50769 
  0.751772  0.0354768 
  0.258164   0.962229 
   0.17766   0.927443 
    0.5322   0.682959 
  0.486771   0.152063 
  0.719305   0.358104 
  0.657717   0.242013 
  0.511021   0.725363 
  0.167867   0.340893 
  0.389685   0.436554 
  0.168204 0.00493041 
  0.865418  0.0754907 
  0.77247381   0.249757 
   0.66668   0.888836 
  0.673705   0.953483 
  0.187512   0.507824 
0.000742024   0.471202 
  0.492339   0.746838 
  0.105468   0.601308 
  0.179026   0.890269 
  0.743359   0.633255 
  0.109288   0.807949 
  0.197645    0.81455 
  0.139544   0.313519 
  0.312577   0.476286 
  0.944255  0.0882432 
  0.102852   0.638009 
 0.0155558   0.445743 
  0.597801   0.247522 
  0.103152   0.673949 
 0.0576388   0.735152 
  0.694389   0.588573 
  0.143268   0.908609 
  0.990625   0.441859 
  0.315825  0.0683503 
  0.763206   0.208288 
  0.691721   0.758621 
  0.142828    0.50873 
  0.222709  0.0760912 
   0.86419   0.448774 
  0.538778   0.241389 
 0.0287339   0.931124 
  0.401558   0.993451 
  0.926421    0.35555 
  0.726254   0.152069 
  0.827778   0.471848 
  0.347482   0.132841 
  0.664931   0.499685 
  0.206248   0.405869 
   0.43787   0.280092 
  0.506998   0.115847 
 0.0451148   0.244943 
   0.75074   0.692532 
  0.386537   0.525641 
  0.455372   0.441725 
 0.0767867   0.554078 
  0.392185   0.450696 
  0.845537   0.943964 
   0.19562   0.780746 
   0.99326   0.720184 
  0.138343   0.138305 
  0.493874   0.540861 
  0.243026   0.532513 
  0.945417   0.627056 
  0.926312    0.52666 
  0.581307  0.0335627 
 0.0890001   0.825508 
  0.307943   0.605791 
  0.521299    0.47768 
  0.366246   0.489895 
  0.661796   0.805116 
  0.592494  0.0405852 
  0.114836  0.0434233 
  0.815492   0.973017 
  0.491947   0.150672 
   0.34763   0.612893 
  0.885389   0.736603 
 0.0946522   0.819129 
   0.10067   0.966257 
  0.873938   0.278114 
  0.268752   0.917266 
  0.488387    0.31527 
  0.735209   0.662401 
  0.971437   0.943149 
  0.508826   0.839152 
  0.627779   0.076226 
  0.129721   0.218459 
  0.633815   0.529678 
  0.292017   0.922627 
  0.594793   0.678501 
  0.574204   0.646909 
  0.606633   0.686957 
  0.690379   0.198971 
  0.100825   0.566607 
  0.961738    0.92444 
 0.0683344   0.495732 
   0.77284    0.12423 
  0.931712   0.289722 
  0.359578   0.425906 
  0.195527   0.230225 
  0.384362   0.971778 
  0.667457   0.957065 
  0.394675   0.296719 
  0.959643   0.725071 
  0.262338   0.112974 
   0.75176   0.827115 
   0.32763   0.481736 
  0.535198  0.0652812 
  0.181782   0.214141 
 0.0714133    0.24385 
  0.390336   0.382295 
  0.235643   0.451603 
 0.0977222   0.416253 
   0.95962   0.330841 
  0.440874   0.761684 
  0.627315   0.275832 
  0.915497   0.750328 
  0.761679   0.546726 
  0.831228   0.447494 
 0.0299195   0.857436 
  0.923985   0.412815 
  0.177504   0.314829 
  0.324686  0.0030929 
  0.982432   0.727335 
  0.325807    0.83023 
  0.680202   0.157224 
  0.459112   0.294851 
  0.555711   0.827123 
  0.458605    0.76662 
  0.590264   0.575239 
 0.0415003   0.496124 
  0.363066   0.044887 
  0.415688   0.467909 
   0.14291    0.88459 
  0.302789   0.980522 
  0.640082   0.863576 
  0.125816   0.590831 
 0.0882299   0.880677 
  0.543279   0.891669 
  0.285798   0.401466 
  0.434141   0.600587 
 0.0623664    0.19127 
  0.673222   0.837413 
  0.396603   0.699023 
  0.475535    0.32173 
   0.31277    0.72711 
   0.53224   0.359713 
  0.690849  0.0998783 
  0.654862    0.27389 
  0.277518   0.237022 
  0.621953   0.164872 
  0.997272   0.149036 
  0.842794   0.840998 
  0.653173   0.885974 
  0.570836  0.0338813 
  0.442338   0.382589 
  0.171194   0.258478 
  0.237663   0.407598 
  0.495316   0.781474 
  0.234242   0.896948 
  0.999024   0.591492 
  0.214126   0.816462 
  0.268864    0.79136 
  0.395598   0.810117 
   0.63715   0.572304 
  0.719236   0.199903 
  0.775063   0.477197 
  0.253948     0.1002 
 0.0547599   0.349273 
   0.23683   0.399344 
  0.770612   0.682989 
  0.994764 0.00681559 
  0.549558   0.420867 
  0.513562   0.444879 
   0.08297   0.476405 
  0.938977   0.387383 
  0.742531   0.714432 
  0.466889  0.0114805 
  0.953225    0.85564 
    0.7367   0.721723 
  0.999133   0.424733 
  0.494083  0.0515272 
 0.0171153   0.656285 
  0.176444   0.493975 
  0.229564   0.283111 
  0.248488   0.343032 
  0.346639   0.968905 
  0.390546   0.900131 
  0.498347    0.70985 
   0.45227   0.297961 
  0.82949  0.0478524 
  0.256074   0.828781 
  0.314453 0.00831327 
  0.721181   0.884285 
  0.175915   0.600879 
  0.972435   0.711106 
  0.562234   0.463928 
  0.242174   0.218545 
 0.0916329  0.0734751 
  0.895382   0.682701 
  0.148105   0.206139 
  0.574866    0.77772 
  0.148149   0.932684 
  0.622353   0.886596 
 0.0158454   0.313635 
  0.260497   0.179453 
 0.0641064   0.436878 
  0.606106   0.827812 
 0.0441746   0.442854 
 0.0388428   0.831779 
  0.702223   0.253626 
  0.684563   0.456885 
  0.867658   0.729092 
   0.85577   0.925571 
 0.0787731   0.940039 
   0.23498   0.302275 
    0.3378   0.408334 
  0.861434   0.115932 
  0.468418   0.707094 
  0.134635   0.805524 
  0.436333   0.443267 
  0.989277   0.779135 
  0.921152   0.804134 
 0.0799972    0.51212 
  0.203381   0.227984 
  0.728569  0.0579056 
  0.220248   0.712329 
   0.10859  0.0676202 
  0.493189  0.0263304 
  0.535296   0.713444 
  0.856125   0.894548 
  0.661345   0.229144 
  0.224344   0.555068 
  0.035233   0.161005 
0.00937123   0.502253 
   0.37283   0.154044 
 0.0162016    0.30087 
  0.720729   0.295775 
 0.0842289   0.635636 
  0.135321   0.335573 
  0.983497    0.62769 
  0.581781   0.989075 
  0.382185   0.391124 
  0.625694  0.0353872 
  0.753161   0.377107 
  0.029807   0.965724 
  0.925213   0.050387 
  0.854117   0.145874 
  0.699759   0.848908 
  0.591717   0.993081 
  0.705929    0.54308 
   0.54891   0.523415 
 0.0342764  0.0830441 
   0.72198   0.309498 
  0.730015   0.369677 
  0.153034  0.0403528 
  0.209196   0.951779 
  0.557925  0.0457822 
  0.460858   0.634164 
  0.390533   0.680045 
  0.524206   0.332585 
   0.75191   0.350478 
  0.478208   0.238507 
  0.593432   0.812433 
   0.56472   0.245212 
  0.275697   0.632427 
   0.20446   0.355115 
  0.423492   0.636566 
  0.768454   0.409701 
  0.836555   0.972956 
  0.474675   0.868969 
  0.767851   0.268745 
   0.79987   0.421565 
  0.235437    0.98323 
   0.15384   0.583642 
  0.273906   0.538073 
  0.393064    0.23434 
  0.545064    0.88414 
  0.738267  0.0521571 
  0.605152   0.789117 
  0.681866   0.121999 
   0.44374   0.940641 
  0.357293   0.015948 
 0.0373144   0.142958 
  0.695613   0.169161 
 0.0932455   0.177303 
  0.934088   0.209418 
  0.683275   0.802245 
  0.329325   0.964007 
 0.0614533   0.846186 
  0.847387  0.0382382 
  0.669442   0.304301 
  0.388494   0.413164 
 0.0510536  0.0571499 
  0.518098   0.671399 
  0.204299   0.655409 
  0.463472   0.580675 
  0.405447   0.351155 
  0.865231   0.932593 
 0.0905916   0.573776 
  0.453396   0.227115 
87    0.18016 
  0.948135   0.306662 
 0.0636465   0.707133 
  0.783496   0.208925 
   0.40678   0.749754 
  0.122629  0.0283959 
  0.249149   0.441215 
  0.507116  0.0960439 
   0.21012   0.481143 
  0.572519   0.327873 
  0.564025   0.566258 
 0.0905754   0.301144 
  0.334546   0.715716 
   0.04498   0.978708 
  0.142654   0.593016 
  0.819737   0.313307 
  0.757542  0.0144757 
  0.293911   0.769619 
  0.978465  0.0551296 
  0.563176   0.294482 
  0.357007   0.215856 
  0.886477  0.0199334 
 0.0207514    0.76881 
  0.388209   0.632153 
  0.589344  0.0999008 
 0.0322578   0.157573 
  0.321759   0.805033 
  0.190908   0.595796 
   0.53571   0.684548 
   0.19478   0.667133 
  0.506852   0.662852 
   0.55079   0.135623 
  0.415842  0.0556117 
  0.665644   0.472715 
  0.923758   0.607133 
 0.0864907   0.648437 
  0.276937    0.47516 
 0.0126509   0.624076 
  0.853123   0.442743 
   0.17385   0.903015 
  0.976365   0.761789 
  0.382957    0.35862 
  0.323793   0.982522 
  0.239445    0.34724 
 0.0677156  0.0962407 
  0.516862   0.906625 
  0.644016   0.971063 
  0.647806   0.668951 
 0.0525061   0.469263 
  0.896865   0.615259 
  0.658246   0.148319 
  0.803936   0.759151 
 0.0555442   0.531094 
  0.097257   0.598226 
  0.390759   0.483919 
  0.229991   0.454147 
  0.851479   0.809179 
  0.868416    0.47446 
  0.248366   0.282451 
  0.157013    0.91044 
  0.773262   0.212494 
  0.391056   0.473981 
   0.19756   0.385157 
  0.340993  0.0686839 
  0.369782    0.93358 
  0.676382   0.953627 
  0.608693    0.30104 
  0.574427   0.393314 
   0.43044   0.398639 
  0.922029   0.547848 
  0.673728   0.353943 
  0.713055    0.32095 
  0.210692   0.105206 
  0.195985    0.92576 
  0.255301   0.839802 
  0.545126    0.92457 
  0.240285   0.468084 
 0.0950397   0.332891 
  0.897137   0.186234 
 0.0403359   0.925537 
  0.496186   0.398627 
  0.730401   0.845105 
  0.677414   0.305462 
  0.907247   0.105273 
  0.323264   0.102613 
  0.623488   0.970203 
  0.206933   0.929931 
  0.358626   0.426443 
  0.232151   0.758851 
0.00237061   0.842802 
  0.964929   0.554049 
  0.896251   0.295675 
  0.403086   0.661054 
  0.334087   0.993986 
  0.917064  0.0996706 
  0.162995   0.453568 
   0.11773   0.683612 
  0.461939   0.801585 
  0.241989   0.114905 
  0.203291   0.715695 
  0.681766   0.441498 
  0.255257  0.0990436 
  0.625016   0.636429 
  0.463948   0.581831 
  0.827013   0.607011 
 0.0305504   0.460718 
  0.292428   0.837404 
  0.255986   0.359583 
  0.514711    0.75481 
 0.0838155   0.687409 
  0.281621   0.197345 
