  -3.96875    1.39968    1.39968    1.39968 
  -3.90625   0.518813   0.518813   0.518813 
  -3.84375   0.350403   0.350403   0.350403 
  -3.78125   0.285316   0.285316   0.285316 
  -3.71875   0.256351   0.256351   0.256351 
  -3.65625   0.245769   0.245769   0.245769 
  -3.59375   0.247515   0.247515   0.247515 
  -3.53125   0.259836   0.259836   0.259836 
  -3.46875   0.283399   0.283399   0.283399 
  -3.40625   0.321137   0.321137   0.321137 
  -3.34375   0.379303   0.379303   0.379303 
  -3.28125    0.47058    0.47058    0.47058 
  -3.21875   0.622897   0.622897   0.622897 
  -3.15625   0.909684   0.909684   0.909684 
  -3.09375    1.60138    1.60138    1.60138 
  -3.03125    5.13557    5.13557    5.13557 
  -2.96875     -5.555     -5.555     -5.555 
  -2.90625   -2.02661   -2.02661   -2.02661 
  -2.84375   -1.34686   -1.34686   -1.34686 
  -2.78125   -1.07885   -1.07885   -1.07885 
  -2.71875  -0.953307  -0.953307  -0.953307 
  -2.65625  -0.898593  -0.898593  -0.898593 
  -2.59375  -0.889507  -0.889507  -0.889507 
  -2.53125  -0.917547  -0.917547  -0.917547 
  -2.46875   -0.98304   -0.98304   -0.98304 
  -2.40625   -1.09387   -1.09387   -1.09387 
  -2.34375    -1.2683    -1.2683    -1.2683 
  -2.28125   -1.54409   -1.54409   -1.54409 
  -2.21875   -2.00495   -2.00495   -2.00495 
  -2.15625   -2.87119   -2.87119   -2.87119 
  -2.09375   -4.95427   -4.95427   -4.95427 
  -2.03125   -15.5672   -15.5672   -15.5672 
  -1.96875    16.4914    16.4914    16.4914 
  -1.90625    5.88985    5.88985    5.88985 
  -1.84375    3.83014    3.83014    3.83014 
  -1.78125    3.00056    3.00056    3.00056 
  -1.71875     2.5918     2.5918     2.5918 
  -1.65625    2.38689    2.38689    2.38689 
  -1.59375    2.30716    2.30716    2.30716 
  -1.53125    2.32254    2.32254    2.32254 
  -1.46875    2.42688    2.42688    2.42688 
  -1.40625    2.63213    2.63213    2.63213 
  -1.34375    2.97257    2.97257    2.97257 
  -1.28125    3.52246    3.52246    3.52246 
  -1.21875    4.44848    4.44848    4.44848 
  -1.15625    6.19101    6.19101    6.19101 
  -1.09375     10.373     10.373     10.373 
  -1.03125    31.6209    31.6209    31.6209 
  -0.96875   -32.4674   -32.4674   -32.4674 
  -0.90625   -11.2275   -11.2275   -11.2275 
  -0.84375   -7.06182   -7.06182   -7.06182 
  -0.78125   -5.34474   -5.34474   -5.34474 
  -0.71875   -4.45466   -4.45466   -4.45466 
  -0.65625   -3.95328   -3.95328   -3.95328 
  -0.59375   -3.67704   -3.67704   -3.67704 
  -0.53125   -3.55639   -3.55639   -3.55639 
  -0.46875   -3.56448   -3.56448   -3.56448 
  -0.40625   -3.70144   -3.70144   -3.70144 
  -0.34375   -3.99439   -3.99439   -3.99439 
  -0.28125   -4.51315   -4.51315   -4.51315 
  -0.21875   -5.42159   -5.42159   -5.42159 
  -0.15625   -7.15835   -7.15835   -7.15835 
  -0.09375   -11.3455   -11.3455   -11.3455 
  -0.03125    -32.609    -32.609    -32.609 
   0.03125    31.4528    31.4528    31.4528 
   0.09375    10.1749    10.1749    10.1749 
   0.15625    5.95841    5.95841    5.95841 
   0.21875    4.17558    4.17558    4.17558 
   0.28125    3.20179    3.20179    3.20179 
   0.34375    2.59434    2.59434    2.59434 
   0.40625    2.18324    2.18324    2.18324 
   0.46875    1.88933    1.88933    1.88933 
   0.53125    1.67085    1.67085    1.67085 
   0.59375    1.50371    1.50371    1.50371 
   0.65625    1.37307    1.37307    1.37307 
   0.71875    1.26932    1.26932    1.26932 
   0.78125    1.18597    1.18597    1.18597 
   0.84375    1.11849    1.11849    1.11849 
   0.90625    1.06364    1.06364    1.06364 
   0.96875    1.01903    1.01903    1.01903 
   1.03125   0.982901   0.982901   0.982901 
   1.09375   0.953901   0.953901     0.9539 
   1.15625   0.931001   0.931001   0.931001 
   1.21875   0.913408   0.913408   0.913408 
   1.28125   0.900503   0.900503   0.900503 
   1.34375   0.891805   0.891805   0.891805 
   1.40625   0.886941   0.886941   0.886941 
   1.46875   0.885625   0.885625   0.885625 
   1.53125   0.887639   0.887639   0.887639 
   1.59375   0.892827   0.892827   0.892827 
   1.65625   0.901078   0.901078   0.901078 
   1.71875   0.912325   0.912325   0.912325 
   1.78125   0.926541   0.926541   0.926541 
   1.84375   0.943728   0.943728   0.943728 
   1.90625   0.963922   0.963922   0.963922 
   1.96875   0.987188   0.987188   0.987188 
   2.03125    1.01362    1.01362    1.01362 
   2.09375    1.04333    1.04333    1.04333 
   2.15625    1.07647    1.07647    1.07647 
   2.21875    1.11322    1.11322    1.11322 
   2.28125    1.15377    1.15377    1.15377 
   2.34375    1.19836    1.19836    1.19836 
   2.40625    1.24726    1.24726    1.24726 
   2.46875    1.30076    1.30076    1.30076 
   2.53125     1.3592     1.3592     1.3592 
   2.59375    1.42294    1.42294    1.42294 
   2.65625    1.49241    1.49241    1.49241 
   2.71875    1.56806    1.56806    1.56806 
   2.78125     1.6504     1.6504     1.6504 
   2.84375       1.74       1.74       1.74 
   2.90625    1.83748    1.83748    1.83748 
   2.96875    1.94353    1.94353    1.94353 
   3.03125    2.05891    2.05891    2.05891 
   3.09375    2.18447    2.18447    2.18447 
   3.15625    2.32114    2.32114    2.32114 
   3.21875    2.46995    2.46995    2.46995 
   3.28125    2.63204    2.63204    2.63204 
   3.34375    2.80866    2.80866    2.80866 
   3.40625    3.00122    3.00122    3.00122 
   3.46875    3.21125    3.21125    3.21125 
   3.53125    3.44047    3.44047    3.44047 
   3.59375    3.69076    3.69076    3.69076 
   3.65625    3.96421    3.96421    3.96421 
   3.71875    4.26316    4.26316    4.26316 
   3.78125    4.59018    4.59018    4.59018 
   3.84375    4.94812    4.94812    4.94812 
   3.90625    5.34017    5.34017    5.34017 
   3.96875    5.76984    5.76984    5.76984 
   4.03125    6.24107    6.24107    6.24107 
   4.09375     6.7582     6.7582     6.7582 
   4.15625     7.3261     7.3261     7.3261 
   4.21875    7.95015    7.95015    7.95015 
   4.28125    8.63637    8.63637    8.63637 
   4.34375    9.39147    9.39147    9.39147 
   4.40625    10.2229    10.2229    10.2229 
   4.46875     11.139     11.139     11.139 
   4.53125    12.1492    12.1492    12.1492 
   4.59375    13.2637    13.2637    13.2637 
   4.65625    14.4942    14.4942    14.4942 
   4.71875    15.8536    15.8536    15.8536 
   4.78125    17.3566    17.3566    17.3566 
   4.84375    19.0193    19.0193    19.0193 
   4.90625      20.86      20.86      20.86 
   4.96875    22.8991    22.8991    22.8991 
   5.03125    25.1593    25.1593    25.1593 
   5.09375    27.6664    27.6664    27.6664 
   5.15625    30.4491    30.4491    30.4491 
   5.21875    33.5397    33.5397    33.5397 
   5.28125    36.9745    36.9745    36.9745 
   5.34375    40.7942    40.7942    40.7942 
   5.40625    45.0447    45.0447    45.0447 
   5.46875    49.7776    49.7776    49.7776 
   5.53125    55.0509    55.0509    55.0509 
   5.59375    60.9299    60.9299    60.9299 
   5.65625    67.4884    67.4884    67.4884 
   5.71875    74.8093    74.8093    74.8093 
   5.78125    82.9863    82.9863    82.9863 
   5.84375    92.1249    92.1249    92.1249 
   5.90625    102.345    102.345    102.345 
   5.96875     113.78     113.78     113.78 
