1000  0.0565263  0.0087283
2000   0.213636  0.0052493
3000  0.0376615  0.0304265
4000  0.0507867  0.0426388
5000  0.0499823   0.032144
6000   0.030059  0.0270775
7000  0.0798383  0.0244802
8000  0.0740811  0.0210326
9000  0.0222408  0.0216137
10000  0.0208903  0.0253312
11000  0.0284846  0.0247898
12000  0.0408717  0.0216032
13000  0.0185758 0.00812199
14000   0.120792  0.0123838
15000  0.0213061 0.00107445
16000   0.018205  0.0194443
17000   0.086741  0.0160972
18000  0.0143839  0.0170329
19000  0.0244831  0.0122889
20000   0.055826  0.0130633
21000  0.0475656  0.0119317
22000   0.550888  0.0156793
23000  0.0390389  0.0102132
24000  0.0213719  0.0134838
25000  0.0133988  0.0121004
26000  0.0234171  0.0116791
27000  0.0252424  0.0106066
28000  0.0205937 0.00975139
29000  0.0207451 0.00934976
30000  0.0791688  0.0111446
31000  0.0303161  0.0105824
32000  0.0183645  0.0104517
33000  0.0136886 0.00794369
34000  0.0178883 0.00870284
35000  0.0356163 0.00563649
36000  0.0187261 0.00779926
37000  0.0154403 0.00628984
38000  0.0289171 0.00522448
39000  0.0141853 0.00629638
40000  0.0350656  0.0056411
41000  0.0205591 0.00605062
42000  0.0151627 0.00483282
43000  0.0196644 0.00508443
44000  0.0181983 0.00368846
45000  0.0157127  0.0040436
46000   0.033194 0.00324108
47000  0.0268675  0.0048885
48000  0.0242585 0.00592484
49000  0.0462821 0.00661614
50000  0.0158628 0.00631727
51000  0.0350069 0.00667979
52000  0.0452141 0.00607807
53000  0.0110929 0.00612586
54000  0.0216525 0.00836364
55000  0.0187059  0.0085173
56000  0.0149326 0.00609419
57000    0.15214 0.00625661
58000  0.0150869 0.00643641
59000  0.0321254  0.0043062
60000  0.0300171 0.00409214
61000  0.0174957 0.00374344
62000  0.0204004 0.00407613
63000  0.0243817 0.00356084
64000   0.049502  0.0044592
65000  0.0210884  0.0069272
66000  0.0184794 0.00488042
67000  0.0174976 0.00355089
68000  0.0132802 0.00275451
69000   0.032949 0.00240755
70000  0.0152999 0.00146315
71000  0.0482887 0.00196627
72000  0.0157569 0.00279819
73000  0.0155607 0.00254186
74000  0.0157603  0.0027215
75000   0.120982 0.00226711
76000  0.0119341 0.00213483
77000   0.010688 0.00178134
78000  0.0119753 0.00302055
79000  0.0202289 0.00257722
80000  0.0193116 0.00282634
81000  0.0139865 0.00400856
82000  0.0124468 0.00367282
83000  0.0126396 0.00317043
84000  0.0190984 0.00356301
85000  0.0235225 0.00314258
86000  0.0145271 0.00287038
87000  0.0177282 0.00419216
88000  0.0206349 0.00354117
89000   0.012724 0.00297608
90000  0.0389245 0.00313087
91000   0.127892 0.00309095
92000  0.0278222 0.00306006
93000  0.0316299   0.002567
94000  0.0139487 0.00284044
95000  0.0262506 0.00233541
96000  0.0117736 0.00253707
97000  0.0182825 0.00199454
98000  0.0145955 0.000904728
99000  0.0215628 0.000192743
100000  0.0593747  0.0049575
101000  0.0167701 0.00515843
102000  0.0103529  0.0102077
103000  0.0162411  0.0100396
104000  0.0513893 0.00927251
105000  0.0129673 0.00960291
106000  0.0122306 0.00926026
107000  0.0115054 0.00953531
108000  0.0364661 0.00990185
109000 0.00996259 0.00973814
110000  0.0170063  0.0101863
111000  0.0120254 0.00972537
112000  0.0101286 0.00950639
113000 0.00897392 0.00890689
114000  0.0143199 0.00787231
115000  0.0517844 0.00755209
116000  0.0126146 0.00861349
117000  0.0102006 0.00781263
118000  0.0151495 0.00787435
119000  0.0483142 0.00808915
120000  0.0443512 0.00783679
121000 0.00891056  0.0066145
122000 0.00948185 0.00663326
123000  0.0138425 0.00666178
124000  0.0108277 0.00690845
125000  0.0125091 0.00662993
126000  0.0113521 0.00636969
127000  0.0186732 0.00613269
128000  0.0106368 0.00680385
129000  0.0107574 0.00650799
130000 0.00996655 0.00816928
131000  0.0366376 0.00819495
132000  0.0124445 0.00785591
133000 0.00810639 0.00655528
134000  0.0103126 0.00678278
135000  0.0340637 0.00654712
136000  0.0100597 0.00597902
137000  0.0105237 0.00667547
138000 0.00995699 0.00698256
139000  0.0211106 0.00698007
140000  0.0107472 0.00655356
141000  0.0122548 0.00640153
142000 0.00944609 0.00579095
143000  0.0182474 0.00693224
144000  0.0114107 0.00661315
145000  0.0197985  0.0075108
146000  0.0353606 0.00942504
147000  0.0163719 0.00927719
148000  0.0123489 0.00913032
149000   0.018241 0.00887038
150000  0.0142949 0.00913238
151000 0.00764004 0.00868672
152000  0.0134834 0.00900628
153000 0.00997691 0.00862222
154000 0.00987175 0.00883927
155000 0.00790774 0.00848759
156000  0.0145915 0.00869311
157000   0.022111 0.00856871
158000  0.0369915 0.00821493
159000  0.0107189 0.00822368
160000  0.0174621 0.00829003
161000  0.0163304 0.00789332
162000  0.0471712 0.00782855
163000   0.012589 0.00772919
164000  0.0129606 0.00798021
165000 0.00999801 0.00580527
166000  0.0153607 0.00589484
167000  0.0136656 0.00638061
168000  0.0109702 0.00609342
169000  0.0184762 0.00586585
170000  0.0136177 0.00559522
171000  0.0225715 0.00559723
172000  0.0122518 0.00576695
173000  0.0424472 0.00698915
174000  0.0165412 0.00683461
175000  0.0112926 0.00689561
176000  0.0113517 0.00678997
177000  0.0249737 0.00675684
178000  0.0207334 0.00663509
179000  0.0142771 0.00572927
180000  0.0172463 0.00557363
181000  0.0138862 0.00548355
182000  0.0700519  0.0055365
183000   0.010435 0.00505043
184000 0.00807061 0.00504368
185000 0.00921907 0.00528766
186000  0.0121019 0.00593229
187000 0.00938349 0.00510386
188000  0.0087359  0.0056206
189000  0.0234179 0.00615844
190000  0.0129609 0.00620659
191000   0.010713 0.00558219
192000  0.0147979 0.00565766
193000  0.0109323 0.00564486
194000  0.0107801 0.00550332
195000   0.010068 0.00608617
196000  0.0172306 0.00588019
197000 0.00867983 0.00605991
198000   0.014308 0.00573633
199000  0.0125528 0.00501254
200000  0.0277937 0.00510741
201000 0.00801618 0.00474873
202000  0.0117796 0.00486561
203000  0.0107083 0.00515197
204000  0.0110565 0.00508674
205000  0.0111411 0.00499038
206000  0.0120987  0.0050214
207000  0.0163391 0.00479943
208000  0.0429472 0.00505075
209000  0.0200718 0.00478558
210000 0.00685828 0.00502498
211000  0.0335335 0.00495932
212000  0.0101376 0.00472494
213000  0.0108199 0.00470805
214000 0.00829728  0.0046043
215000  0.0106372 0.00484635
216000  0.0230686 0.00557343
217000  0.0131527  0.0052687
218000  0.0220185 0.00542809
219000  0.0113481 0.00531475
220000  0.0326308 0.00524717
221000  0.0794109 0.00478673
222000 0.00936618 0.00487908
223000  0.0111173 0.00485757
224000 0.00676778  0.0049212
225000 0.00959827 0.00490924
226000  0.0386306 0.00463673
227000  0.0638981 0.00448163
228000 0.00791795 0.00423359
229000  0.0399367 0.00450316
230000  0.0100354 0.00429708
231000  0.0123019 0.00425638
232000  0.0356111 0.00490261
233000 0.00947962 0.00489999
234000  0.0224443  0.0047436
235000  0.0155655 0.00457978
236000  0.0203274 0.00458797
237000  0.0108945 0.00447397
238000  0.0151314 0.00490022
239000 0.00961162 0.00490034
240000  0.0090099 0.00515906
241000 0.00952049 0.00497525
242000 0.00766728 0.00496058
243000 0.00654633 0.00475985
244000  0.0113933 0.00486796
245000  0.0172819 0.00380968
246000  0.0143735 0.00396946
247000  0.0233478 0.00386673
248000 0.00774753 0.00390046
249000  0.0105604 0.00394653
250000 0.00927096 0.00355084
251000   0.611561 0.00390707
252000  0.0163721 0.00380532
253000 0.00693189 0.00336493
254000  0.0394324 0.00337895
255000  0.0088034 0.00319111
256000 0.00828477 0.00314373
257000  0.0103074 0.00305989
258000  0.0118065 0.00328706
259000  0.0220363 0.00307139
260000  0.0108339 0.00372929
261000  0.0110407 0.00366603
262000 0.00885121 0.00360981
263000  0.0104993 0.00361813
264000  0.0147049 0.00319453
265000  0.0231513 0.00250427
266000  0.0148249 0.00236038
267000  0.0079091 0.00276006
268000  0.0255721 0.00241245
269000  0.0113666 0.00252807
270000  0.0107557 0.00258193
271000 0.00857543 0.00246342
272000 0.00787029 0.00513087
273000   0.014645  0.0050998
274000  0.0081378 0.00482018
275000 0.00904277 0.00581667
276000 0.00910573 0.00563933
277000  0.0125216 0.00562415
278000 0.00815987 0.00548842
279000   0.012383 0.00542344
280000  0.0108043 0.00548822
281000 0.00899447  0.0056853
282000  0.0186263 0.00571418
283000 0.00797105 0.00576642
284000  0.0142379 0.00559806
285000  0.0142611 0.00548271
286000  0.0081547 0.00531778
287000  0.0156661 0.00514197
288000  0.0167995 0.00528976
289000 0.00878786 0.00538629
290000 0.00753027 0.00566682
291000 0.00762413 0.00547822
292000  0.0140971  0.0055336
293000  0.0085375 0.00523323
294000  0.0109565 0.00580841
295000 0.00957946 0.00566011
296000 0.00854565 0.00584361
297000 0.00798283 0.00520178
298000 0.00877292 0.00532329
299000  0.0109537  0.0052974
300000 0.00842118  0.0048931
301000  0.0151854 0.00478188
302000  0.0252094 0.00465208
303000  0.0168433 0.00497649
304000  0.0100572  0.0049036
305000 0.00680479 0.00495816
306000 0.00765354 0.00480864
307000  0.0218018 0.00481074
308000   0.015439  0.0047838
309000 0.00882292 0.00472515
310000  0.0143806 0.00492637
311000  0.0110352 0.00525688
312000 0.00979492 0.00439143
313000  0.0146025 0.00423681
314000 0.00843098 0.00419242
315000 0.00673983 0.00403811
316000 0.00877504 0.00387646
317000  0.0120334 0.00389402
318000  0.0280118 0.00457795
319000 0.00869282 0.00393032
320000 0.00820735  0.0037665
321000 0.00883735 0.00373608
322000 0.00966813 0.00363873
323000  0.0147963 0.00370386
324000 0.00780712 0.00405865
325000 0.00708992 0.00385617
326000 0.00806913  0.0040042
327000  0.0112462 0.00397189
328000  0.0578155 0.00398725
329000 0.00538185 0.00394354
330000 0.00864368 0.00409601
331000 0.00715328 0.00336871
332000  0.0104097 0.00353577
333000   0.012004 0.00367584
334000 0.00799166 0.00344203
335000  0.0120849 0.00338542
336000 0.00994747 0.00346231
337000 0.00924573 0.00352402
338000  0.0174811 0.00343344
339000  0.0183112 0.00342975
340000  0.0205596 0.00355052
341000  0.0253197 0.00336736
342000  0.0139034 0.00327528
343000 0.00948864 0.00326419
344000  0.0109693 0.00334083
345000  0.0072709 0.00333776
346000 0.00791106 0.00439407
347000  0.0119374  0.0042717
348000   0.036097   0.004426
349000 0.00953548  0.0042132
350000 0.00879117 0.00417043
351000  0.0165304 0.00404241
352000  0.0169131 0.00407814
353000  0.0305168 0.00431523
354000  0.0127093  0.0043079
355000  0.0165496 0.00442961
356000 0.00991922 0.00430139
357000  0.0555294  0.0043945
358000  0.0108416 0.00429624
359000  0.0217454 0.00502531
360000  0.0882784  0.0049124
361000  0.0608073 0.00711469
362000  0.0122784 0.00733659
363000 0.00943771 0.00552636
364000   0.022183 0.00552964
365000 0.00866669 0.00553035
366000  0.0085232 0.00536219
367000  0.0101098 0.00526421
368000  0.0135042 0.00528237
369000 0.00797672  0.0052223
370000  0.0137142 0.00519838
371000  0.0154895 0.00508912
372000   0.011052 0.00516843
373000 0.00880137  0.0051038
374000 0.00647815 0.00515594
375000   0.012177 0.00547705
376000  0.0101932  0.0055113
377000   0.052864 0.00557881
378000 0.00822448 0.00472222
379000  0.0115827 0.00465006
380000 0.00843142 0.00463075
381000  0.0122109 0.00465585
382000  0.0178589 0.00441504
383000 0.00788847 0.00459018
384000 0.00927151 0.00460958
385000   0.028474 0.00294706
386000  0.0080111 0.00285219
387000  0.0112621 0.00277008
388000  0.0106954 0.00293461
389000 0.00726919 0.00348589
390000   0.016803 0.00354551
391000 0.00713215 0.00362272
392000 0.00874634 0.00347983
393000  0.0091351 0.00359685
394000 0.00925805 0.00355391
395000  0.0136229 0.00354399
396000  0.0402699 0.00369451
397000  0.0077963 0.00297531
398000 0.00757841 0.00297581
399000  0.0084462  0.0029714
400000 0.00801314 0.00285084
401000  0.0207563 0.00260979
402000  0.0104707  0.0030226
403000 0.00541159 0.00293487
404000  0.0110436 0.00329628
405000 0.00760871 0.00417164
406000 0.00786496 0.00414589
407000 0.00895542 0.00398467
408000  0.0164424 0.00390435
409000 0.00855616 0.00395471
410000  0.0135458 0.00377383
411000  0.0105244 0.00416923
412000  0.0132974 0.00410154
413000 0.00908512 0.00419182
414000 0.00907308 0.00400145
415000  0.0162206 0.00403097
416000  0.0344591 0.00399788
417000  0.0106626 0.00371604
418000   0.013209 0.00386082
419000 0.00998361  0.0039334
420000 0.00934905 0.00393104
421000  0.0217906 0.00392085
422000 0.00717058 0.00389973
423000 0.00884451 0.00384798
424000 0.00804993 0.00393812
425000  0.0204617 0.00387639
426000 0.00965916 0.00408565
427000  0.0127856 0.00401826
428000 0.00920213 0.00402345
429000 0.00722513 0.00349029
430000   0.013195 0.00348699
431000  0.0129445 0.00354642
432000  0.0386555 0.00365866
433000 0.00949612 0.00362366
434000 0.00986484 0.00357532
435000  0.0094112 0.00350812
436000 0.00949488 0.00343633
437000  0.0136353 0.00355294
438000 0.00672443 0.00353996
439000   0.011112 0.00350651
440000  0.0069085 0.00367653
441000 0.00834375 0.00362095
442000 0.00892114 0.00366794
443000  0.0166638 0.00366976
444000 0.00827275 0.00289323
445000 0.00589343 0.00301371
446000 0.00780352 0.00287672
447000  0.0130595 0.00315832
448000   0.008011 0.00309716
449000 0.00795548 0.00314016
450000 0.00794396 0.00310971
451000  0.0196856  0.0027217
452000  0.0358834 0.00276412
453000  0.0444904 0.00273668
454000 0.00647303 0.00295767
455000 0.00906579 0.00289899
456000  0.0118436 0.00302571
457000  0.0262741 0.00291389
458000 0.00636067 0.00288257
459000  0.0171337 0.00291651
460000 0.00882408 0.00286911
461000   0.011567 0.00305245
462000  0.0093601 0.00319656
463000 0.00764715 0.00281708
464000 0.00823291 0.00212655
465000 0.00557381  0.0022253
466000  0.0283312 0.00215816
467000 0.00597893 0.00237664
468000 0.00632998 0.00239075
469000 0.00717386 0.00243731
470000 0.00748326 0.00254898
471000  0.0088489 0.00244541
472000 0.00856753  0.0023509
473000 0.00881989 0.00222774
474000 0.00674515 0.00233947
475000   0.014155 0.00217736
476000   0.034585 0.00236642
477000 0.00927447 0.00220814
478000  0.0064967 0.00225752
479000  0.0106549  0.0022485
480000  0.0151194 0.00223185
481000  0.0131021 0.00224941
482000 0.00966515 0.00204509
483000  0.0112206 0.00223814
484000 0.00822022 0.00225975
485000   0.164291 0.00222698
486000 0.00999634 0.00209181
487000 0.00759577 0.00209898
488000 0.00577714  0.0024675
489000  0.0137258  0.0024115
490000 0.00919914 0.00233041
491000 0.00642752  0.0029926
492000  0.0212547 0.00282868
493000  0.0388894 0.00272372
494000 0.00646573 0.00273099
495000 0.00735013 0.00237629
496000  0.0162042 0.00245763
497000  0.0594338 0.00268853
498000 0.00837851 0.00267651
499000  0.0066768 0.00238765
500000 0.00994411  0.0023791
501000  0.0089537 0.00231552
502000  0.0238288 0.00233396
503000 0.00806471 0.00238695
504000   0.010809 0.00254397
505000 0.00659936 0.00267931
506000 0.00920533 0.00270927
507000 0.00555409 0.00263715
508000  0.0152696 0.00266359
509000    0.01818 0.00265591
510000 0.00658623 0.00262786
511000  0.0127758 0.00234137
512000  0.0135408 0.00241691
513000 0.00538146 0.00251238
514000  0.0297687    0.00232
515000 0.00713606    0.00234
516000  0.0076224 0.00235551
517000  0.0245361 0.00246236
518000   0.017917 0.00216027
519000 0.00937358 0.00258836
520000 0.00989329 0.00251849
521000  0.0195088 0.00253744
522000  0.0089692 0.00239227
523000  0.0708103 0.00233835
524000 0.00894946 0.00233906
525000  0.0307299 0.00232725
526000 0.00745709 0.00248477
527000  0.0122977 0.00251538
528000 0.00840364 0.00255629
529000 0.00861039 0.00232357
530000 0.00704605 0.00219403
531000  0.0118167 0.00214649
532000  0.0052618  0.0061762
533000 0.00998291 0.00597254
534000 0.00690558 0.00697286
535000  0.0112936  0.0069231
536000 0.00659453 0.00687253
537000   0.014782 0.00685935
538000  0.0531348 0.00676384
539000  0.0081607  0.0066642
540000  0.0149392 0.00675123
541000  0.0109354  0.0066948
542000  0.0168237  0.0067639
543000  0.0105927 0.00666008
544000 0.00561184 0.00664081
545000 0.00662821 0.00665007
546000  0.0167403 0.00657494
547000 0.00735935 0.00656889
548000  0.0116492 0.00648846
549000 0.00828369 0.00659951
550000 0.00910311 0.00658127
551000  0.0113348 0.00664325
552000  0.0168008 0.00645903
553000  0.0150457 0.00658964
554000 0.00760135 0.00655162
555000  0.0189769 0.00663017
556000  0.0228258 0.00658507
557000 0.00705377 0.00649507
558000  0.0062227 0.00638506
559000  0.0908143 0.00632517
560000  0.0111158 0.00635428
561000 0.00651438 0.00615413
562000  0.0103456 0.00618316
563000 0.00988865  0.0062896
564000  0.0103213 0.00632864
565000  0.0110088 0.00621748
566000  0.0102873 0.00621517
567000 0.00810978  0.0060858
568000 0.00827652 0.00611144
569000  0.0215587 0.00620228
570000  0.0144942 0.00625366
571000 0.00674339 0.00624832
572000  0.0100168 0.00618215
573000 0.00807968 0.00619197
574000 0.00649636 0.00612651
575000  0.0148123 0.00635291
576000  0.0136642 0.00549019
577000 0.00647065 0.00538946
578000  0.0141632 0.00560088
579000  0.0130258 0.00558375
580000 0.00734151 0.00552617
581000  0.0115176 0.00550855
582000  0.0084115 0.00567265
583000 0.00622452 0.00561042
584000 0.00696791 0.00372518
585000 0.00961462 0.00361779
586000  0.0314522 0.00363673
587000 0.00714399 0.00364483
588000 0.00662566  0.0036214
589000 0.00727052 0.00358623
590000 0.00684107 0.00349582
591000  0.0086702 0.00361669
592000 0.00481432 0.00365403
593000  0.0061442   0.003647
594000 0.00555962 0.00369658
595000 0.00714754 0.00354391
596000 0.00856697 0.00317262
597000  0.0259784 0.00316822
598000  0.0138873 0.00307969
599000 0.00878194 0.00319113
600000  0.0120244 0.00324173
601000  0.0121494 0.00319126
602000  0.0430057 0.00316681
603000 0.00611745 0.00312124
604000  0.0121896 0.00316615
605000  0.0082434  0.0036553
606000  0.0111704 0.00342044
607000 0.00893209 0.00335624
608000 0.00515968 0.00329292
609000  0.0138937 0.00332856
610000  0.0120335 0.00328849
611000 0.00909489 0.00327404
612000 0.00579149 0.00330485
613000  0.0355974 0.00332065
614000 0.00745082 0.00333599
615000 0.00715343 0.00328126
616000  0.0522991  0.0031946
617000 0.00609958 0.00321499
618000   0.010857 0.00334278
619000 0.00608399 0.00330755
620000 0.00992545 0.00401118
621000 0.00897296 0.00414121
622000  0.0141602 0.00412134
623000  0.0239693 0.00406806
624000 0.00773689 0.00396561
625000 0.00885683  0.0039525
626000 0.00705885 0.00396437
627000 0.00960153 0.00408576
628000 0.00845181   0.003709
629000  0.0161873 0.00376973
630000 0.00856387 0.00368684
631000 0.00665229 0.00345045
632000 0.00576112 0.00342995
633000  0.0182034 0.00330903
634000  0.0105491 0.00346977
635000     0.0246 0.00356867
636000 0.00524679 0.00357753
637000  0.0120467 0.00349581
638000  0.0116584 0.00349823
639000 0.00881935 0.00347976
640000 0.00909515 0.00359769
641000   0.014554 0.00363451
642000  0.0235211 0.00342555
643000 0.00621904  0.0033297
644000  0.0130229 0.00325365
645000 0.00692662 0.00326319
646000 0.00534407 0.00301464
647000 0.00942678 0.00321451
648000  0.0192021 0.00383754
649000 0.00714574 0.00375917
650000  0.0050685 0.00365142
651000   0.006114 0.00362453
652000 0.00779317 0.00352071
653000 0.00918879 0.00355467
654000  0.0102917 0.00346978
655000  0.0298036 0.00347629
656000 0.00608743 0.00348376
657000 0.00775945 0.00351355
658000 0.00565267 0.00351257
659000 0.00651037 0.00349875
660000 0.00757322 0.00352116
661000 0.00598262  0.0035728
662000 0.00859153 0.00255522
663000   0.029054 0.00275023
664000 0.00677366  0.0035462
665000 0.00781023 0.00349533
666000 0.00800154 0.00351279
667000 0.00939522 0.00349458
668000  0.0115603 0.00356322
669000 0.00529699 0.00350266
670000  0.0119924 0.00361901
671000 0.00746217 0.00352286
672000 0.00630115 0.00367442
673000 0.00494847 0.00359085
674000  0.0126778  0.0036121
675000 0.00608336 0.00351882
676000 0.00877052 0.00352913
677000 0.00639856 0.00358862
678000 0.00999096 0.00365623
679000 0.00976508 0.00365014
680000 0.00639814 0.00356801
681000 0.00931563 0.00356868
682000  0.0101579 0.00350253
683000  0.0203774 0.00362643
684000  0.0102715  0.0035205
685000  0.0063867 0.00364012
686000 0.00481826 0.00370909
687000 0.00558652 0.00370677
688000 0.00651061 0.00365058
689000 0.00989344  0.0037217
690000 0.00570859 0.00367607
691000  0.0640543 0.00356029
692000  0.0154896  0.0036475
693000 0.00703469 0.00362492
694000  0.0095078 0.00333996
695000  0.0208467 0.00331199
696000 0.00756379 0.00330577
697000 0.00764534 0.00318442
698000  0.0146266 0.00311206
699000 0.00524376 0.00324224
700000 0.00570204  0.0032366
701000  0.0111489 0.00324135
702000 0.00756261 0.00325265
703000  0.0164082 0.00317762
704000 0.00652516 0.00342553
705000 0.00711315 0.00341086
706000 0.00574796 0.00342513
707000  0.0109716  0.0038207
708000   0.050068 0.00386139
709000 0.00499888 0.00329512
710000 0.00801673 0.00331368
711000 0.00846564 0.00328143
712000 0.00515405 0.00329921
713000  0.0175822 0.00338416
714000  0.0105436 0.00340472
715000  0.0089533 0.00338716
716000 0.00951376 0.00276066
717000 0.00618067 0.00272854
718000 0.00981658 0.00270746
719000 0.00500525 0.00272513
720000 0.00959173  0.0027639
721000 0.00816103 0.00277337
722000   0.019118 0.00280069
723000  0.0112113 0.00279725
724000 0.00789539 0.00282843
725000 0.00768633 0.00279131
726000 0.00695811  0.0030079
727000 0.00472943 0.00280985
728000 0.00637626 0.00269102
729000 0.00697847 0.00269727
730000  0.0135329 0.00274886
731000  0.0078901 0.00267053
732000 0.00781838 0.00258722
733000  0.0122574 0.00265706
734000 0.00836677 0.00259165
735000  0.0162726 0.00279207
736000  0.0105979 0.00276727
737000  0.0232329 0.00277076
738000 0.00668604 0.00268042
739000 0.00765234 0.00264162
740000  0.0218744 0.00266532
741000  0.0113417 0.00258215
742000  0.0185519  0.0026621
743000  0.0120439 0.00275164
744000 0.00779392 0.00270639
745000  0.0245733 0.00267298
746000 0.00774806  0.0026135
747000 0.00739071  0.0025841
748000 0.00724952 0.00284525
749000 0.00960487 0.00281035
750000 0.00882414 0.00316959
751000  0.0125188 0.00316494
752000 0.00893018 0.00319953
753000  0.0108373 0.00320829
754000 0.00904135 0.00316588
755000 0.00563103 0.00320281
756000   0.026553  0.0032062
757000 0.00683533 0.00317482
758000 0.00909539 0.00317641
759000  0.0141166  0.0031707
760000  0.0112419 0.00280813
761000  0.0174882  0.0028347
762000  0.0067295 0.00284879
763000 0.00688123  0.0027399
764000 0.00846856 0.00285029
765000 0.00937164 0.00284941
766000 0.00633146 0.00281447
767000 0.00891241 0.00281351
768000 0.00567405 0.00279963
769000  0.0239278 0.00284472
770000  0.0108205 0.00278663
771000 0.00570901 0.00289605
772000  0.0069049 0.00300046
773000 0.00767691 0.00299791
774000  0.0100694 0.00301118
775000 0.00806275 0.00201097
776000  0.0117215 0.00207688
777000 0.00752749 0.00205362
778000 0.00727105 0.00261719
779000   0.005626 0.00251313
780000 0.00960165 0.00255598
781000 0.00516931 0.00253042
782000 0.00624716 0.00218441
783000 0.00495494  0.0021351
784000 0.00707115 0.00211903
785000   0.006342 0.00222537
786000 0.00741407 0.00220928
787000  0.0166241 0.00221459
788000 0.00915399 0.00211549
789000 0.00624311 0.00214618
790000 0.00551533 0.00212623
791000 0.00792347 0.00261504
792000 0.00556949 0.00256431
793000  0.0145623 0.00294076
794000 0.00663314 0.000930061
795000 0.00763011 0.000875372
796000  0.0255771 0.000900696
797000  0.0108511 0.000777455
798000 0.00980753 0.000840198
799000   0.105463 0.000840458
800000  0.0107062 0.000875892
801000  0.0122002 0.000853822
802000  0.0171588 0.000886131
803000  0.0292791 0.000850347
804000  0.0104696 0.000762573
805000 0.00631707 0.000675691
806000 0.00668958 0.000674756
807000  0.0102946 0.000727557
808000  0.0171832 0.000830624
809000 0.00698936 0.000823377
810000 0.00640884 0.000823227
811000 0.00808215 0.000811096
812000 0.00512489 0.000885373
813000  0.0075741 0.000885714
814000  0.0116028 0.000864814
815000 0.00543955 0.00100062
816000 0.00736458 0.000961936
817000 0.00989848 0.000889081
818000  0.0156165 0.000926448
819000  0.0048459 0.000890013
820000 0.00661016 0.000958883
821000    0.01258 0.00102376
822000 0.00645574  0.0010146
823000  0.0165008 0.000962369
824000 0.00930467 0.000893471
825000  0.0151487 0.000947159
826000  0.0241645 0.000114783
827000  0.0147692 0.000138142
828000 0.00760992 0.000192168
829000 0.00552179 9.64113e-05
830000 0.00778108 0.000113473
831000 0.00899261 6.66351e-05
832000  0.0064844 8.23898e-05
833000 0.00539848 7.25109e-05
834000 0.00556524  0.0002285
835000 0.00485302 0.000172904
836000 0.00669543 0.000257681
837000 0.00723009 0.000692889
838000  0.0134129 0.000652657
839000  0.0111199 0.000645857
840000 0.00581014 0.000689626
841000 0.00542482 0.00051321
842000 0.00546437 0.000357437
843000 0.00716813 0.000528071
844000 0.00764959 0.000532565
845000 0.00581009 0.000459439
846000  0.0189168 0.000459287
847000 0.00550982 0.000457181
848000 0.00571119 0.000399936
849000  0.0125809 0.000352614
850000 0.00645241 0.000381911
851000 0.00609589 0.000432301
852000 0.00604356 0.000435846
853000 0.00799013 0.000348408
854000 0.00835099 0.000340518
855000 0.00814744 0.000300386
856000 0.00659064 0.000417258
857000  0.0664471 0.000426229
858000 0.00970974 0.00055102
859000   0.026366 0.000597482
860000  0.0255216 0.000223636
861000 0.00594714 0.000245417
862000   0.367651 0.000244814
863000 0.00798079 0.000276724
864000 0.00718661 0.000625312
865000 0.00853273 0.000615369
866000 0.00832471 0.000658341
867000  0.0869145 0.000604441
868000 0.00746045 0.000531114
869000 0.00702709 0.000519852
870000 0.00682122 0.000455319
871000 0.00697196 0.000418306
872000 0.00503108 0.00046782
873000  0.0166597 0.000431525
874000 0.00479667 0.000470193
875000 0.00534289 0.000450373
876000  0.0247356 0.000445183
877000 0.00480772 0.00052019
878000 0.00650427 0.000539081
879000 0.00681583 0.000718257
880000 0.00754903 0.000872886
881000  0.0395934 0.000889632
882000 0.00570851 0.00082228
883000 0.00554929 0.000793908
884000 0.00973205 0.000825033
885000  0.0696183 0.000812063
886000 0.00883157 0.00090658
887000  0.0061069 0.000887987
888000 0.00478286 0.000904907
889000 0.00658848 0.000801847
890000 0.00852231 0.00076872
891000 0.00702323 0.000787558
892000 0.00663051 0.00062704
893000   0.127176 0.000792177
894000   0.023098 0.000919847
895000  0.0388057 0.000942696
896000 0.00699302 0.000833112
897000 0.00488193 0.000872215
898000 0.00689643 0.000821625
899000 0.00443764 0.000909945
900000 0.00843036 0.000937398
901000 0.00538091 0.000933805
902000  0.0271423 0.000945822
903000  0.0274771 0.000942856
904000  0.0458098 0.000914299
905000  0.0122923 0.000907526
906000  0.0132584 0.00102572
907000 0.00477473 0.000809185
908000 0.00617358 0.000818965
909000 0.00466936 0.000776981
910000 0.00856261 0.000826961
911000  0.0115058 0.000677328
912000  0.0481054 0.000725351
913000 0.00639567 0.000690461
914000  0.0130102 0.000267237
915000 0.00548521 0.000354354
916000 0.00750494 0.000342724
917000 0.00849903 0.000326368
918000 0.00693589 0.00030062
919000 0.00694026 0.000273241
920000 0.00610129 0.000865381
921000 0.00859561 0.000794866
922000   0.016789 0.000821522
923000 0.00513939 0.00179486
924000 0.00620386 0.00178923
925000 0.00887817 0.00178165
926000  0.0054711 0.00163178
927000 0.00518033 0.00148594
928000 0.00663876 0.00152623
929000  0.0104003 0.00174483
930000 0.00662401 0.00157207
931000  0.0104379 0.00165375
932000 0.00529475 0.00163635
933000  0.0147731 0.00163803
934000  0.0150983 0.00160649
935000 0.00692116 0.00155602
936000 0.00925246 0.00149828
937000 0.00591494 0.00152782
938000  0.0172255 0.00153285
939000 0.00624855 0.00151501
940000 0.00757694 0.00150833
941000 0.00695626 0.00154276
942000   0.136095 0.00160652
943000 0.00581415 0.00155487
944000 0.00568988  0.0017077
945000  0.0193571 0.00169417
946000 0.00602303 0.00171891
947000  0.0105608 0.00167751
948000 0.00987012 0.00166233
949000 0.00595222 0.00164174
950000 0.00947963 0.00162602
951000  0.0397778 0.00180445
952000 0.00627517 0.00178521
953000 0.00853986 0.00173985
954000 0.00966759 0.00169409
955000  0.0054932 0.00164837
956000 0.00556946 0.00163825
957000 0.00800228 0.00163338
958000  0.0176601 0.00148516
959000  0.0628372  0.0014851
960000 0.00695016 0.00150513
961000 0.00851384  0.0014746
962000 0.00476012 0.00134556
963000  0.0071699 0.00128156
964000 0.00534085 0.00138854
965000 0.00750207 0.00140613
966000 0.00725807 0.00161192
967000  0.0180551 0.00157293
968000 0.00454166 0.00153764
969000 0.00690029 0.00155847
970000 0.00465116 0.00155416
971000 0.00927025 0.00160618
972000 0.00853917 0.00169418
973000 0.00876862 0.00134064
974000 0.00584852 0.00131226
975000  0.0101916 0.00127128
976000 0.00481558 0.00126084
977000 0.00760934 0.00113546
978000 0.00864558 0.00117274
979000  0.0120446  0.0011761
980000  0.0102989  0.0011912
981000 0.00775135 0.00105278
982000 0.00754879 0.00102851
983000 0.00541464 0.00105822
984000 0.00922712 0.00101919
985000 0.00476937 0.00106053
986000    0.01252 0.00100542
987000 0.00579066 0.00104883
988000 0.00624896 0.00108913
989000 0.00578421 0.00108984
990000 0.00500069 0.00108869
991000 0.00545617 0.00109546
992000 0.00485689 0.00114017
993000  0.0397976 0.000402146
994000  0.0075457 0.000546832
995000 0.00919599 0.000519672
996000 0.00748998 0.00048679
997000  0.0068714 0.000472888
998000  0.0254476 0.000467805
999000  0.0079837 0.000446443
