-------------- Execise A+B ------------------
#Interpolation data
        -5 1.38879e-11
      -4.5 1.60523e-09
        -4 1.12535e-07
      -3.5 4.78512e-06
        -3 0.00012341
      -2.5 0.00193045
        -2  0.0183156
      -1.5   0.105399
        -1   0.367879
      -0.5   0.778801
         0          1
       0.5   0.778801
         1   0.367879
       1.5   0.105399
         2  0.0183156
       2.5 0.00193045
         3 0.00012341
       3.5 4.78512e-06
         4 1.12535e-07
       4.5 1.60523e-09



# Fitting Data
-2 0.0373204 0.0183156 0.104946 0.0732626 0.0127014 0.00414553
-1.99 0.0383835 0.0190612 0.107679 0.0758636 0.0130799 0.0043324
-1.98 0.0394742 0.0198332 0.110471 0.0785393 0.0134692 0.00452685
-1.97 0.0405931 0.0206322 0.113324 0.0812911 0.0138695 0.00472915
-1.96 0.0417409 0.0214592 0.116236 0.0841202 0.0142812 0.00493958
-1.95 0.0429181 0.0223149 0.11921 0.0870282 0.0147044 0.00515843
-1.94 0.0441253 0.0232001 0.122246 0.0900163 0.0151396 0.00538598
-1.93 0.0453632 0.0241155 0.125345 0.0930859 0.015587 0.00562253
-1.92 0.0466324 0.0250621 0.128507 0.0962383 0.016047 0.0058684
-1.91 0.0479335 0.0260406 0.131733 0.0994749 0.0165198 0.00612388
-1.9 0.0492673 0.0270518 0.135024 0.102797 0.0170058 0.00638932
-1.89 0.0506342 0.0280968 0.13838 0.106206 0.0175053 0.00666503
-1.88 0.0520351 0.0291763 0.141803 0.109703 0.0180186 0.00695137
-1.87 0.0534705 0.0302911 0.145292 0.113289 0.0185461 0.00724867
-1.86 0.0549412 0.0314423 0.148849 0.116965 0.0190881 0.00755731
-1.85 0.0564477 0.0326308 0.152473 0.120734 0.019645 0.00787764
-1.84 0.0579908 0.0338573 0.156166 0.124595 0.0202172 0.00821005
-1.83 0.0595713 0.035123 0.159928 0.12855 0.020805 0.00855492
-1.82 0.0611896 0.0364286 0.163759 0.1326 0.0214087 0.00891265
-1.81 0.0628467 0.0377753 0.167661 0.136747 0.0220289 0.00928363
-1.8 0.0645431 0.0391639 0.171633 0.14099 0.0226658 0.00966829
-1.79 0.0662796 0.0405954 0.175675 0.145332 0.0233199 0.0100671
-1.78 0.0680568 0.0420709 0.179789 0.149772 0.0239915 0.0104803
-1.77 0.0698756 0.0435912 0.183974 0.154313 0.0246811 0.0109086
-1.76 0.0717366 0.0451575 0.188231 0.158954 0.0253892 0.0113523
-1.75 0.0736405 0.0467706 0.192561 0.163697 0.026116 0.0118119
-1.74 0.075588 0.0484317 0.196963 0.168542 0.0268621 0.0122879
-1.73 0.0775799 0.0501418 0.201437 0.173491 0.0276279 0.0127807
-1.72 0.079617 0.0519019 0.205984 0.178543 0.0284139 0.0132909
-1.71 0.0816999 0.053713 0.210604 0.183699 0.0292204 0.0138189
-1.7 0.0838293 0.0555762 0.215297 0.188959 0.030048 0.0143653
-1.69 0.0860061 0.0574925 0.220063 0.194325 0.0308972 0.0149306
-1.68 0.0882308 0.0594631 0.224903 0.199796 0.0317683 0.0155154
-1.67 0.0905044 0.0614888 0.229815 0.205373 0.0326619 0.0161201
-1.66 0.0928274 0.0635709 0.2348 0.211055 0.0335786 0.0167453
-1.65 0.0952006 0.0657103 0.239857 0.216844 0.0345187 0.0173917
-1.64 0.0976248 0.0679081 0.244987 0.222739 0.0354827 0.0180597
-1.63 0.100101 0.0701654 0.25019 0.228739 0.0364713 0.01875
-1.62 0.102629 0.0724832 0.255464 0.234846 0.0374849 0.0194632
-1.61 0.10521 0.0748627 0.26081 0.241058 0.0385241 0.0201999
-1.6 0.107845 0.0773047 0.266227 0.247375 0.0395893 0.0209607
-1.59 0.110535 0.0798105 0.271715 0.253797 0.0406812 0.0217462
-1.58 0.11328 0.082381 0.277273 0.260324 0.0418002 0.0225571
-1.57 0.116081 0.0850173 0.2829 0.266954 0.0429469 0.0233941
-1.56 0.118938 0.0877205 0.288596 0.273688 0.044122 0.0242577
-1.55 0.121853 0.0904914 0.294361 0.280523 0.0453259 0.0251487
-1.54 0.124825 0.0933313 0.300192 0.28746 0.0465592 0.0260678
-1.53 0.127857 0.096241 0.30609 0.294497 0.0478226 0.0270156
-1.52 0.130947 0.0992216 0.312053 0.301634 0.0491166 0.0279928
-1.51 0.134098 0.102274 0.318081 0.308867 0.0504418 0.0290002
-1.5 0.137309 0.105399 0.324172 0.316198 0.0517987 0.0300385
-1.49 0.140582 0.108598 0.330326 0.323623 0.0531881 0.0311085
-1.48 0.143916 0.111872 0.33654 0.331141 0.0546106 0.0322107
-1.47 0.147313 0.115221 0.342814 0.338751 0.0560667 0.0333461
-1.46 0.150772 0.118647 0.349147 0.34645 0.057557 0.0345154
-1.45 0.154296 0.122151 0.355536 0.354237 0.0590823 0.0357194
-1.44 0.157883 0.125732 0.36198 0.362109 0.0606432 0.0369587
-1.43 0.161536 0.129393 0.368478 0.370064 0.0622402 0.0382343
-1.42 0.165253 0.133134 0.375028 0.3781 0.0638741 0.0395468
-1.41 0.169036 0.136955 0.381628 0.386214 0.0655455 0.0408972
-1.4 0.172886 0.140858 0.388277 0.394404 0.0672551 0.0422862
-1.39 0.176802 0.144844 0.394972 0.402666 0.0690034 0.0437147
-1.38 0.180785 0.148912 0.401711 0.410997 0.0707913 0.0451834
-1.37 0.184836 0.153064 0.408492 0.419395 0.0726194 0.0466932
-1.36 0.188955 0.1573 0.415313 0.427856 0.0744883 0.0482449
-1.35 0.193143 0.161621 0.422172 0.436377 0.0763987 0.0498395
-1.34 0.197399 0.166028 0.429067 0.444955 0.0783514 0.0514776
-1.33 0.201724 0.17052 0.435994 0.453584 0.0803469 0.0531603
-1.32 0.206119 0.1751 0.442951 0.462263 0.0823861 0.0548883
-1.31 0.210583 0.179766 0.449936 0.470987 0.0844695 0.0566626
-1.3 0.215118 0.18452 0.456946 0.479751 0.086598 0.0584839
-1.29 0.219722 0.189361 0.463977 0.488551 0.0887721 0.0603533
-1.28 0.224397 0.194291 0.471028 0.497384 0.0909927 0.0622715
-1.27 0.229143 0.199309 0.478096 0.506244 0.0932603 0.0642394
-1.26 0.233959 0.204416 0.485176 0.515127 0.0955758 0.0662579
-1.25 0.238847 0.209611 0.492266 0.524028 0.0979397 0.068328
-1.24 0.243805 0.214896 0.499362 0.532943 0.100353 0.0704504
-1.23 0.248834 0.22027 0.506462 0.541865 0.102816 0.0726262
-1.22 0.253934 0.225734 0.513562 0.55079 0.10533 0.0748561
-1.21 0.259105 0.231286 0.520657 0.559712 0.107895 0.0771412
-1.2 0.264347 0.236928 0.527746 0.568627 0.110512 0.0794822
-1.19 0.26966 0.242659 0.534823 0.577527 0.113182 0.08188
-1.18 0.275043 0.248478 0.541886 0.586409 0.115906 0.0843356
-1.17 0.280498 0.254387 0.54893 0.595265 0.118683 0.0868499
-1.16 0.286022 0.260383 0.555951 0.60409 0.121516 0.0894237
-1.15 0.291616 0.266468 0.562945 0.612877 0.124404 0.0920578
-1.14 0.297281 0.272641 0.569908 0.621621 0.127348 0.0947533
-1.13 0.303015 0.278901 0.576837 0.630315 0.13035 0.097511
-1.12 0.308817 0.285247 0.583726 0.638953 0.133409 0.100332
-1.11 0.314689 0.291679 0.590571 0.647528 0.136526 0.103216
-1.1 0.320629 0.298197 0.597369 0.656034 0.139703 0.106165
-1.09 0.326636 0.3048 0.604113 0.664464 0.142939 0.10918
-1.08 0.332711 0.311486 0.610801 0.67281 0.146236 0.112262
-1.07 0.338852 0.318256 0.617426 0.681067 0.149594 0.11541
-1.06 0.345059 0.325107 0.623986 0.689227 0.153013 0.118627
-1.05 0.351331 0.33204 0.630474 0.697284 0.156495 0.121913
-1.04 0.357668 0.339053 0.636885 0.705229 0.16004 0.125268
-1.03 0.364069 0.346144 0.643216 0.713057 0.163649 0.128694
-1.02 0.370532 0.353313 0.649461 0.720759 0.167322 0.132191
-1.01 0.377058 0.360559 0.655615 0.728329 0.171059 0.135761
-1 0.383644 0.367879 0.661673 0.735759 0.174863 0.139403
-0.99 0.390291 0.375274 0.66763 0.743042 0.178732 0.143118
-0.98 0.396996 0.38274 0.67348 0.75017 0.182669 0.146909
-0.97 0.40376 0.390276 0.67922 0.757136 0.186673 0.150774
-0.96 0.41058 0.397882 0.684842 0.763933 0.190744 0.154714
-0.95 0.417457 0.405555 0.690343 0.770554 0.194884 0.158731
-0.94 0.424387 0.413292 0.695717 0.77699 0.199094 0.162826
-0.93 0.43137 0.421094 0.700958 0.783234 0.203372 0.166997
-0.92 0.438406 0.428956 0.706061 0.78928 0.207721 0.171248
-0.91 0.445491 0.436879 0.711022 0.795119 0.212141 0.175577
-0.9 0.452626 0.444858 0.715834 0.800745 0.216631 0.179985
-0.89 0.459807 0.452893 0.720492 0.806149 0.221193 0.184474
-0.88 0.467035 0.46098 0.72499 0.811325 0.225827 0.189043
-0.87 0.474307 0.469118 0.729324 0.816266 0.230534 0.193694
-0.86 0.481621 0.477305 0.733489 0.820964 0.235314 0.198426
-0.85 0.488976 0.485537 0.737477 0.825413 0.240167 0.20324
-0.84 0.49637 0.493812 0.741285 0.829604 0.245093 0.208137
-0.83 0.503801 0.502128 0.744907 0.833533 0.250094 0.213117
-0.82 0.511267 0.510482 0.748338 0.83719 0.255169 0.21818
-0.81 0.518767 0.518871 0.751572 0.840571 0.26032 0.223326
-0.8 0.526298 0.527292 0.754604 0.843668 0.265545 0.228557
-0.79 0.533858 0.535743 0.757429 0.846475 0.270846 0.233872
-0.78 0.541446 0.544221 0.760041 0.848985 0.276222 0.239272
-0.77 0.549058 0.552722 0.762436 0.851192 0.281675 0.244757
-0.76 0.556694 0.561244 0.764608 0.85309 0.287203 0.250327
-0.75 0.56435 0.569783 0.766553 0.854674 0.292809 0.255982
-0.74 0.572024 0.578336 0.768264 0.855938 0.29849 0.261722
-0.73 0.579714 0.5869 0.769739 0.856875 0.304249 0.267548
-0.72 0.587418 0.595473 0.770971 0.85748 0.310085 0.27346
-0.71 0.595133 0.604049 0.771956 0.85775 0.315998 0.279458
-0.7 0.602856 0.612626 0.772689 0.857677 0.321988 0.285541
-0.69 0.610586 0.621201 0.773165 0.857258 0.328055 0.29171
-0.68 0.618319 0.62977 0.773381 0.856488 0.334199 0.297965
-0.67 0.626053 0.63833 0.773332 0.855362 0.340421 0.304306
-0.66 0.633785 0.646876 0.773013 0.853877 0.34672 0.310732
-0.65 0.641512 0.655406 0.77242 0.852028 0.353097 0.317243
-0.64 0.649232 0.663916 0.771549 0.849812 0.359551 0.32384
-0.63 0.656942 0.672401 0.770397 0.847226 0.366081 0.330521
-0.62 0.664639 0.680859 0.768959 0.844265 0.372689 0.337288
-0.61 0.67232 0.689285 0.767232 0.840928 0.379374 0.344139
-0.6 0.679983 0.697676 0.765212 0.837212 0.386136 0.351073
-0.59 0.687623 0.706028 0.762896 0.833113 0.392974 0.358092
-0.58 0.69524 0.714337 0.760281 0.828631 0.399888 0.365194
-0.57 0.702828 0.7226 0.757363 0.823764 0.406878 0.372379
-0.56 0.710386 0.730811 0.75414 0.818509 0.413944 0.379646
-0.55 0.71791 0.738968 0.750608 0.812865 0.421086 0.386995
-0.54 0.725397 0.747067 0.746766 0.806833 0.428303 0.394425
-0.53 0.732844 0.755104 0.74261 0.80041 0.435594 0.401936
-0.52 0.740248 0.763074 0.738139 0.793597 0.442959 0.409527
-0.51 0.747606 0.770974 0.73335 0.786394 0.450399 0.417197
-0.5 0.754914 0.778801 0.728242 0.778801 0.457911 0.424946
-0.49 0.76217 0.786549 0.722813 0.770818 0.465497 0.432773
-0.48 0.769369 0.794216 0.717061 0.762447 0.473154 0.440677
-0.47 0.77651 0.801797 0.710985 0.753689 0.480884 0.448657
-0.46 0.783588 0.809288 0.704585 0.744545 0.488684 0.456712
-0.45 0.7906 0.816686 0.697858 0.735018 0.496555 0.464842
-0.44 0.797544 0.823987 0.690805 0.725109 0.504496 0.473046
-0.43 0.804415 0.831187 0.683425 0.714821 0.512506 0.481322
-0.42 0.811211 0.838283 0.675717 0.704157 0.520584 0.489669
-0.41 0.817929 0.845269 0.667683 0.693121 0.52873 0.498087
-0.4 0.824564 0.852144 0.659321 0.681715 0.536943 0.506574
-0.39 0.831114 0.858902 0.650633 0.669944 0.545221 0.515129
-0.38 0.837575 0.865541 0.641619 0.657812 0.553565 0.523752
-0.37 0.843945 0.872057 0.63228 0.645322 0.561972 0.53244
-0.36 0.85022 0.878447 0.622617 0.632482 0.570443 0.541192
-0.35 0.856396 0.884706 0.612632 0.619294 0.578976 0.550008
-0.34 0.862472 0.890831 0.602326 0.605765 0.587571 0.558886
-0.33 0.868442 0.89682 0.591702 0.591901 0.596225 0.567825
-0.32 0.874305 0.902668 0.58076 0.577708 0.604939 0.576822
-0.31 0.880056 0.908373 0.569504 0.563191 0.613711 0.585877
-0.3 0.885694 0.913931 0.557937 0.548359 0.62254 0.594989
-0.29 0.891214 0.919339 0.54606 0.533217 0.631425 0.604156
-0.28 0.896614 0.924595 0.533878 0.517773 0.640364 0.613375
-0.27 0.90189 0.929694 0.521394 0.502035 0.649356 0.622647
-0.26 0.907041 0.934634 0.508611 0.48601 0.658401 0.631969
-0.25 0.912062 0.939413 0.495532 0.469707 0.667497 0.641339
-0.24 0.91695 0.944027 0.482163 0.453133 0.676642 0.650756
-0.23 0.921704 0.948475 0.468508 0.436298 0.685835 0.660219
-0.22 0.92632 0.952753 0.454571 0.419211 0.695076 0.669725
-0.21 0.930794 0.956858 0.440356 0.40188 0.704361 0.679274
-0.2 0.935126 0.960789 0.42587 0.384316 0.713691 0.688862
-0.19 0.939311 0.964544 0.411118 0.366527 0.723063 0.698489
-0.18 0.943347 0.968119 0.396104 0.348523 0.732477 0.708152
-0.17 0.947232 0.971514 0.380836 0.330315 0.74193 0.71785
-0.16 0.950963 0.974725 0.365318 0.311912 0.751421 0.727582
-0.15 0.954538 0.977751 0.349558 0.293325 0.760949 0.737344
-0.14 0.957953 0.980591 0.333561 0.274565 0.770511 0.747136
-0.13 0.961208 0.983242 0.317335 0.255643 0.780107 0.756956
-0.12 0.964299 0.985703 0.300886 0.236569 0.789735 0.7668
-0.11 0.967225 0.987973 0.284222 0.217354 0.799392 0.776669
-0.1 0.969983 0.99005 0.267351 0.19801 0.809079 0.786559
-0.09 0.972571 0.991933 0.250279 0.178548 0.818792 0.796469
-0.08 0.974988 0.99362 0.233014 0.158979 0.82853 0.806397
-0.07 0.977231 0.995112 0.215565 0.139316 0.838291 0.816341
-0.06 0.979299 0.996406 0.197941 0.119569 0.848074 0.826299
-0.05 0.981189 0.997503 0.180148 0.0997503 0.857876 0.836269
-0.04 0.982901 0.998401 0.162196 0.0798721 0.867697 0.846248
-0.03 0.984433 0.9991 0.144094 0.059946 0.877534 0.856236
-0.02 0.985783 0.9996 0.125851 0.039984 0.887385 0.86623
-0.01 0.986949 0.9999 0.107475 0.019998 0.897249 0.876227
0 0.987932 1 0.088977 -0 0.907123 0.886227
0.01 0.988729 0.9999 0.0703651 -0.019998 0.917007 0.896227
0.02 0.989339 0.9996 0.0516495 -0.039984 0.926897 0.906224
0.03 0.989761 0.9991 0.0328397 -0.059946 0.936793 0.916218
0.04 0.989995 0.998401 0.0139458 -0.0798721 0.946692 0.926206
0.05 0.99004 0.997503 -0.00502239 -0.0997503 0.956592 0.936185
0.06 0.989895 0.996406 -0.0240546 -0.119569 0.966492 0.946155
0.07 0.989559 0.995112 -0.0431407 -0.139316 0.976389 0.956113
0.08 0.989032 0.99362 -0.0622702 -0.158979 0.986282 0.966057
0.09 0.988313 0.991933 -0.0814328 -0.178548 0.996169 0.975985
0.1 0.987403 0.99005 -0.100618 -0.19801 1.00605 0.985895
0.11 0.986301 0.987973 -0.119815 -0.217354 1.01592 0.995785
0.12 0.985007 0.985703 -0.139014 -0.236569 1.02577 1.00565
0.13 0.98352 0.983242 -0.158203 -0.255643 1.03562 1.0155
0.14 0.981843 0.980591 -0.177371 -0.274565 1.04544 1.02532
0.15 0.979973 0.977751 -0.196509 -0.293325 1.05525 1.03511
0.16 0.977913 0.974725 -0.215605 -0.311912 1.06504 1.04487
0.17 0.975661 0.971514 -0.234648 -0.330315 1.07481 1.0546
0.18 0.97322 0.968119 -0.253628 -0.348523 1.08455 1.0643
0.19 0.970589 0.964544 -0.272533 -0.366527 1.09427 1.07397
0.2 0.967769 0.960789 -0.291353 -0.384316 1.10397 1.08359
0.21 0.964762 0.956858 -0.310076 -0.40188 1.11363 1.09318
0.22 0.961568 0.952753 -0.328692 -0.419211 1.12326 1.10273
0.23 0.958189 0.948475 -0.347191 -0.436298 1.13286 1.11223
0.24 0.954625 0.944027 -0.365561 -0.453133 1.14242 1.1217
0.25 0.950878 0.939413 -0.383791 -0.469707 1.15195 1.13111
0.26 0.94695 0.934634 -0.401872 -0.48601 1.16144 1.14049
0.27 0.942841 0.929694 -0.419792 -0.502035 1.17089 1.14981
0.28 0.938554 0.924595 -0.437541 -0.517773 1.1803 1.15908
0.29 0.934091 0.919339 -0.455109 -0.533217 1.18966 1.1683
0.3 0.929453 0.913931 -0.472484 -0.548359 1.19898 1.17746
0.31 0.924642 0.908373 -0.489658 -0.563191 1.20825 1.18658
0.32 0.91966 0.902668 -0.50662 -0.577708 1.21747 1.19563
0.33 0.91451 0.89682 -0.52336 -0.591901 1.22664 1.20463
0.34 0.909194 0.890831 -0.539869 -0.605765 1.23576 1.21357
0.35 0.903714 0.884706 -0.556136 -0.619294 1.24482 1.22245
0.36 0.898072 0.878447 -0.572152 -0.632482 1.25383 1.23126
0.37 0.892271 0.872057 -0.587908 -0.645322 1.26279 1.24001
0.38 0.886315 0.865541 -0.603395 -0.657812 1.27168 1.2487
0.39 0.880204 0.858902 -0.618604 -0.669944 1.28051 1.25732
0.4 0.873944 0.852144 -0.633526 -0.681715 1.28928 1.26588
0.41 0.867535 0.845269 -0.648152 -0.693121 1.29799 1.27437
0.42 0.860982 0.838283 -0.662475 -0.704157 1.30663 1.28278
0.43 0.854286 0.831187 -0.676485 -0.714821 1.31521 1.29113
0.44 0.847453 0.823987 -0.690176 -0.725109 1.32372 1.29941
0.45 0.840484 0.816686 -0.703539 -0.735018 1.33216 1.30761
0.46 0.833383 0.809288 -0.716567 -0.744545 1.34053 1.31574
0.47 0.826154 0.801797 -0.729253 -0.753689 1.34882 1.3238
0.48 0.818799 0.794216 -0.74159 -0.762447 1.35705 1.33178
0.49 0.811323 0.786549 -0.753571 -0.770818 1.3652 1.33968
0.5 0.803729 0.778801 -0.76519 -0.778801 1.37328 1.34751
0.51 0.796021 0.770974 -0.776441 -0.786394 1.38127 1.35526
0.52 0.788202 0.763074 -0.787318 -0.793597 1.3892 1.36293
0.53 0.780276 0.755104 -0.797815 -0.80041 1.39704 1.37052
0.54 0.772247 0.747067 -0.807927 -0.806833 1.4048 1.37803
0.55 0.764118 0.738968 -0.817649 -0.812865 1.41248 1.38546
0.56 0.755895 0.730811 -0.826976 -0.818509 1.42008 1.39281
0.57 0.74758 0.7226 -0.835904 -0.823764 1.4276 1.40008
0.58 0.739178 0.714337 -0.84443 -0.828631 1.43503 1.40726
0.59 0.730693 0.706028 -0.852548 -0.833113 1.44238 1.41436
0.6 0.722129 0.697676 -0.860256 -0.837212 1.44965 1.42138
0.61 0.713489 0.689285 -0.867551 -0.840928 1.45683 1.42832
0.62 0.704779 0.680859 -0.87443 -0.844265 1.46392 1.43517
0.63 0.696002 0.672401 -0.88089 -0.847226 1.47092 1.44193
0.64 0.687163 0.663916 -0.886929 -0.849812 1.47784 1.44861
0.65 0.678265 0.655406 -0.892546 -0.852028 1.48466 1.45521
0.66 0.669313 0.646876 -0.897738 -0.853877 1.4914 1.46172
0.67 0.660311 0.63833 -0.902505 -0.855362 1.49805 1.46815
0.68 0.651264 0.62977 -0.906846 -0.856488 1.50461 1.47449
0.69 0.642176 0.621201 -0.910761 -0.857258 1.51108 1.48074
0.7 0.633051 0.612626 -0.914248 -0.857677 1.51745 1.48691
0.71 0.623892 0.604049 -0.917309 -0.85775 1.52374 1.493
0.72 0.614706 0.595473 -0.919944 -0.85748 1.52993 1.49899
0.73 0.605495 0.5869 -0.922153 -0.856875 1.53603 1.50491
0.74 0.596264 0.578336 -0.923938 -0.855938 1.54204 1.51073
0.75 0.587018 0.569783 -0.925301 -0.854674 1.54796 1.51647
0.76 0.577759 0.561244 -0.926242 -0.85309 1.55378 1.52213
0.77 0.568494 0.552722 -0.926765 -0.851192 1.55951 1.5277
0.78 0.559226 0.544221 -0.926871 -0.848985 1.56515 1.53318
0.79 0.549958 0.535743 -0.926563 -0.846475 1.5707 1.53858
0.8 0.540696 0.527292 -0.925845 -0.843668 1.57615 1.5439
0.81 0.531443 0.518871 -0.92472 -0.840571 1.58151 1.54913
0.82 0.522203 0.510482 -0.923191 -0.83719 1.58678 1.55427
0.83 0.51298 0.502128 -0.921262 -0.833533 1.59195 1.55934
0.84 0.503779 0.493812 -0.918938 -0.829604 1.59704 1.56432
0.85 0.494603 0.485537 -0.916224 -0.825413 1.60203 1.56921
0.86 0.485456 0.477305 -0.913123 -0.820964 1.60693 1.57403
0.87 0.476341 0.469118 -0.909642 -0.816266 1.61174 1.57876
0.88 0.467264 0.46098 -0.905785 -0.811325 1.61646 1.58341
0.89 0.458227 0.452893 -0.901559 -0.806149 1.62108 1.58798
0.9 0.449234 0.444858 -0.896969 -0.800745 1.62562 1.59247
0.91 0.440289 0.436879 -0.892021 -0.795119 1.63007 1.59688
0.92 0.431395 0.428956 -0.886722 -0.78928 1.63443 1.60121
0.93 0.422555 0.421094 -0.881078 -0.783234 1.6387 1.60546
0.94 0.413774 0.413292 -0.875097 -0.77699 1.64288 1.60963
0.95 0.405055 0.405555 -0.868786 -0.770554 1.64697 1.61372
0.96 0.3964 0.397882 -0.862151 -0.763933 1.65098 1.61774
0.97 0.387813 0.390276 -0.855201 -0.757136 1.6549 1.62168
0.98 0.379297 0.38274 -0.847943 -0.75017 1.65874 1.62555
0.99 0.370855 0.375274 -0.840386 -0.743042 1.66249 1.62934
1 0.36249 0.367879 -0.832536 -0.735759 1.66615 1.63305
1.01 0.354205 0.360559 -0.824404 -0.728329 1.66974 1.63669
1.02 0.346003 0.353313 -0.815996 -0.720759 1.67324 1.64026
1.03 0.337886 0.346144 -0.807323 -0.713057 1.67666 1.64376
1.04 0.329857 0.339053 -0.798392 -0.705229 1.68 1.64719
1.05 0.321919 0.33204 -0.789212 -0.697284 1.68325 1.65054
1.06 0.314074 0.325107 -0.779793 -0.689227 1.68643 1.65383
1.07 0.306324 0.318256 -0.770144 -0.681067 1.68954 1.65704
1.08 0.298672 0.311486 -0.760275 -0.67281 1.69256 1.66019
1.09 0.291119 0.3048 -0.750194 -0.664464 1.69551 1.66327
1.1 0.283668 0.298197 -0.739911 -0.656034 1.69838 1.66629
1.11 0.276321 0.291679 -0.729435 -0.647528 1.70118 1.66924
1.12 0.26908 0.285247 -0.718777 -0.638953 1.70391 1.67212
1.13 0.261946 0.278901 -0.707947 -0.630315 1.70657 1.67494
1.14 0.254922 0.272641 -0.696953 -0.621621 1.70915 1.6777
1.15 0.248008 0.266468 -0.685805 -0.612877 1.71166 1.6804
1.16 0.241206 0.260383 -0.674515 -0.60409 1.71411 1.68303
1.17 0.234518 0.254387 -0.663091 -0.595265 1.71649 1.6856
1.18 0.227945 0.248478 -0.651543 -0.586409 1.7188 1.68812
1.19 0.221488 0.242659 -0.639882 -0.577527 1.72105 1.69057
1.2 0.215148 0.236928 -0.628117 -0.568627 1.72323 1.69297
1.21 0.208926 0.231286 -0.616258 -0.559712 1.72535 1.69531
1.22 0.202823 0.225734 -0.604315 -0.55079 1.72741 1.6976
1.23 0.19684 0.22027 -0.592298 -0.541865 1.72941 1.69983
1.24 0.190977 0.214896 -0.580217 -0.532943 1.73135 1.702
1.25 0.185235 0.209611 -0.568082 -0.524028 1.73323 1.70413
1.26 0.179615 0.204416 -0.555901 -0.515127 1.73505 1.7062
1.27 0.174117 0.199309 -0.543685 -0.506244 1.73682 1.70821
1.28 0.168742 0.194291 -0.531444 -0.497384 1.73854 1.71018
1.29 0.163489 0.189361 -0.519187 -0.488551 1.7402 1.7121
1.3 0.158358 0.18452 -0.506923 -0.479751 1.74181 1.71397
1.31 0.15335 0.179766 -0.494661 -0.470987 1.74336 1.71579
1.32 0.148465 0.1751 -0.482411 -0.462263 1.74487 1.71757
1.33 0.143702 0.17052 -0.470182 -0.453584 1.74633 1.71929
1.34 0.139061 0.166028 -0.457983 -0.444955 1.74775 1.72098
1.35 0.134542 0.161621 -0.445822 -0.436377 1.74912 1.72261
1.36 0.130144 0.1573 -0.433708 -0.427856 1.75044 1.72421
1.37 0.125868 0.153064 -0.42165 -0.419395 1.75172 1.72576
1.38 0.121711 0.148912 -0.409656 -0.410997 1.75296 1.72727
1.39 0.117674 0.144844 -0.397735 -0.402666 1.75415 1.72874
1.4 0.113756 0.140858 -0.385893 -0.394404 1.75531 1.73017
1.41 0.109956 0.136955 -0.37414 -0.386214 1.75643 1.73156
1.42 0.106273 0.133134 -0.362482 -0.3781 1.75751 1.73291
1.43 0.102706 0.129393 -0.350928 -0.370064 1.75855 1.73422
1.44 0.0992543 0.125732 -0.339484 -0.362109 1.75956 1.7355
1.45 0.0959162 0.122151 -0.328158 -0.354237 1.76054 1.73673
1.46 0.0926907 0.118647 -0.316956 -0.34645 1.76148 1.73794
1.47 0.0895766 0.115221 -0.305886 -0.338751 1.76239 1.73911
1.48 0.0865725 0.111872 -0.294953 -0.331141 1.76328 1.74024
1.49 0.0836771 0.108598 -0.284165 -0.323623 1.76413 1.74135
1.5 0.0808887 0.105399 -0.273526 -0.316198 1.76495 1.74242
1.51 0.078206 0.102274 -0.263044 -0.308867 1.76574 1.74345
1.52 0.0756273 0.0992216 -0.252723 -0.301634 1.76651 1.74446
1.53 0.073151 0.096241 -0.242569 -0.294497 1.76726 1.74544
1.54 0.0707754 0.0933313 -0.232587 -0.28746 1.76798 1.74639
1.55 0.0684987 0.0904914 -0.222782 -0.280523 1.76867 1.74731
1.56 0.0663191 0.0877205 -0.213158 -0.273688 1.76935 1.7482
1.57 0.0642349 0.0850173 -0.203721 -0.266954 1.77 1.74906
1.58 0.0622441 0.082381 -0.194474 -0.260324 1.77063 1.7499
1.59 0.0603448 0.0798105 -0.185421 -0.253797 1.77124 1.75071
1.6 0.058535 0.0773047 -0.176566 -0.247375 1.77184 1.75149
1.61 0.0568128 0.0748627 -0.167913 -0.241058 1.77242 1.75225
1.62 0.0551761 0.0724832 -0.159464 -0.234846 1.77298 1.75299
1.63 0.0536228 0.0701654 -0.151223 -0.228739 1.77352 1.7537
1.64 0.0521509 0.0679081 -0.143193 -0.222739 1.77405 1.75439
1.65 0.0507582 0.0657103 -0.135375 -0.216844 1.77456 1.75506
1.66 0.0494427 0.0635709 -0.127773 -0.211055 1.77506 1.75571
1.67 0.0482021 0.0614888 -0.120387 -0.205373 1.77555 1.75633
1.68 0.0470342 0.0594631 -0.113221 -0.199796 1.77603 1.75694
1.69 0.0459369 0.0574925 -0.106275 -0.194325 1.77649 1.75752
1.7 0.044908 0.0555762 -0.099551 -0.188959 1.77695 1.75809
1.71 0.0439451 0.053713 -0.0930499 -0.183699 1.77739 1.75863
1.72 0.0430462 0.0519019 -0.0867724 -0.178543 1.77783 1.75916
1.73 0.0422089 0.0501418 -0.0807192 -0.173491 1.77825 1.75967
1.74 0.0414311 0.0484317 -0.0748907 -0.168542 1.77867 1.76017
1.75 0.0407104 0.0467706 -0.0692869 -0.163697 1.77908 1.76064
1.76 0.0400446 0.0451575 -0.0639078 -0.158954 1.77949 1.7611
1.77 0.0394315 0.0435912 -0.0587531 -0.154313 1.77988 1.76155
1.78 0.0388688 0.0420709 -0.0538222 -0.149772 1.78027 1.76197
1.79 0.0383543 0.0405954 -0.0491144 -0.145332 1.78066 1.76239
1.8 0.0378858 0.0391639 -0.0446288 -0.14099 1.78104 1.76279
1.81 0.037461 0.0377753 -0.0403641 -0.136747 1.78142 1.76317
1.82 0.0370777 0.0364286 -0.036319 -0.1326 1.78179 1.76354
1.83 0.0367339 0.035123 -0.0324919 -0.12855 1.78216 1.7639
1.84 0.0364272 0.0338573 -0.0288811 -0.124595 1.78253 1.76424
1.85 0.0361555 0.0326308 -0.0254846 -0.120734 1.78289 1.76458
1.86 0.0359168 0.0314423 -0.0223003 -0.116965 1.78325 1.7649
1.87 0.0357088 0.0302911 -0.0193258 -0.113289 1.78361 1.76521
1.88 0.0355296 0.0291763 -0.0165587 -0.109703 1.78396 1.7655
1.89 0.035377 0.0280968 -0.0139963 -0.106206 1.78432 1.76579
1.9 0.035249 0.0270518 -0.0116357 -0.102797 1.78467 1.76606
1.91 0.0351436 0.0260406 -0.00947394 -0.0994749 1.78502 1.76633
1.92 0.0350589 0.0250621 -0.00750788 -0.0962383 1.78537 1.76659
1.93 0.0349928 0.0241155 -0.00573422 -0.0930859 1.78572 1.76683
1.94 0.0349435 0.0232001 -0.0041495 -0.0900163 1.78607 1.76707
1.95 0.0349092 0.0223149 -0.00275014 -0.0870282 1.78642 1.7673
1.96 0.0348879 0.0214592 -0.00153243 -0.0841202 1.78677 1.76751
1.97 0.0348779 0.0206322 -0.00049251 -0.0812911 1.78712 1.76772
1.98 0.0348775 0.0198332 0.000373577 -0.0785393 1.78747 1.76793
1.99 0.0348849 0.0190612 0.00106992 -0.0758636 1.78782 1.76812
