        -1   0.367879   0.367879   0.367879
    -0.875   0.416862   0.416862   0.416862
     -0.75   0.472367   0.472367   0.472367
    -0.625   0.535261   0.535261   0.535261
      -0.5   0.606531   0.606531   0.606531
    -0.375   0.687289   0.687289   0.687289
     -0.25   0.778801   0.778801   0.778801
    -0.125   0.882497   0.882497   0.882497
         0          1          1          1
     0.125    1.13315    1.13315    1.13315
      0.25    1.28403    1.28403    1.28403
     0.375    1.45499    1.45499    1.45499
       0.5    1.64872    1.64872    1.64872
     0.625    1.86825    1.86825    1.86825
      0.75      2.117      2.117      2.117
     0.875    2.39888    2.39888    2.39888
         1    2.71828    2.71828    2.71828
     1.125    3.08022    3.08022    3.08022
      1.25    3.49034    3.49034    3.49034
     1.375    3.95508    3.95508    3.95508
       1.5    4.48169    4.48169    4.48169
     1.625    5.07842    5.07842    5.07841
      1.75     5.7546     5.7546    5.75459
     1.875    6.52082    6.52082    6.52079
         2    7.38906    7.38906    7.38899
     2.125     8.3729     8.3729    8.37278
      2.25    9.48774    9.48774    9.48751
     2.375     10.751     10.751    10.7506
       2.5    12.1825    12.1825    12.1817
     2.625    13.8046    13.8046    13.8033
      2.75    15.6426    15.6426    15.6404
     2.875    17.7254    17.7254    17.7218
         3    20.0855    20.0855    20.0797
     3.125    22.7599    22.7599    22.7506
      3.25    25.7903    25.7903    25.7758
     3.375    29.2243    29.2243     29.202
       3.5    33.1155    33.1155    33.0817
     3.625    37.5247    37.5247    37.4744
      3.75    42.5211    42.5211     42.447
     3.875    48.1827    48.1827    48.0749
         4    54.5982    54.5982    54.4431
     4.125    61.8678    61.8678    61.6472
      4.25    70.1054    70.1054    69.7946
     4.375    79.4398    79.4398     79.006
       4.5    90.0171    90.0171    89.4168
     4.625    102.003    102.003    101.179
      4.75    115.584    115.584    114.463
     4.875    130.974    130.974    129.459
         5    148.413    148.413    146.381
     5.125    168.174    168.174    165.465
      5.25    190.566    190.566    186.979
     5.375     215.94     215.94    211.218
       5.5    244.692    244.692    238.513
     5.625    277.272    277.272    269.231
      5.75    314.191    314.191    303.779
     5.875    356.025    356.025    342.613
         6    403.429    403.429    386.234
     6.125    457.145    457.145    435.201
      6.25    518.013    518.013    490.131
     6.375    586.985    586.985    551.707
       6.5    665.142    665.142    620.684
     6.625    753.704    753.704    697.895
      6.75    854.059    854.059    784.258
     6.875    967.775    967.775    880.786
         7    1096.63    1096.63    988.592
     7.125    1242.65    1242.65     1108.9
      7.25     1408.1     1408.1    1243.06
     7.375    1595.59    1595.59    1392.54
       7.5    1808.04    1808.04    1558.96
     7.625    2048.78    2048.78     1744.1
      7.75    2321.57    2321.57    1949.89
     7.875    2630.69    2630.69    2178.46
         8    2980.96    2980.96    2432.12
     8.125    3377.87    3377.87     2713.4
      8.25    3827.63    3827.63    3025.05
     8.375    4337.27    4337.27    3370.08
       8.5    4914.77    4914.77    3751.75
     8.625    5569.16    5569.16    4173.61
      8.75    6310.69    6310.69    4639.54
     8.875    7150.95    7150.95    5153.71
         9    8103.08    8103.08    5720.68
     9.125       9182       9182    6345.38
      9.25    10404.6    10404.6    7033.13
     9.375    11789.9    11789.9    7789.73
       9.5    13359.7    13359.7    8621.41
     9.625    15138.6    15138.6    9534.93
      9.75    17154.2    17154.2    10537.6
     9.875    19438.3    19438.3    11637.2
        10    22026.5    22026.5    12842.3
