         0          0          0
 0.0769414  0.0769414  0.0768655
  0.151063   0.150632   0.150489
  0.223475   0.221824    0.22162
  0.294839   0.290845   0.290585
  0.365554   0.357778   0.357467
  0.435869   0.422555   0.422198
  0.505933   0.485021   0.484623
  0.575841   0.544973    0.54454
  0.645652    0.60218   0.601719
  0.715402   0.656404   0.655921
  0.785115   0.707404   0.706906
  0.854803   0.754946   0.754442
  0.924477   0.798809   0.798306
  0.994141   0.838784   0.838291
    1.0638   0.874682   0.874207
   1.13345   0.906328   0.905881
   1.20311   0.933571   0.933161
   1.27276    0.95628   0.955915
   1.34241   0.974343   0.974033
   1.41206   0.987674   0.987428
   1.48171   0.996208   0.996034
   1.55136   0.999903   0.999811
   1.62101   0.998743    0.99874
   1.69065   0.992731   0.992826
    1.7603   0.981898   0.982097
   1.82995   0.966296   0.966607
    1.8996   0.946001    0.94643
   1.96925   0.921111   0.921663
   2.03889   0.891748   0.892428
   2.10854   0.858054   0.858865
   2.17819   0.820192   0.821138
   2.24784   0.778346   0.779429
   2.31749    0.73272   0.733941
   2.38713   0.683535   0.684895
   2.45678    0.63103   0.632527
   2.52643   0.575461   0.577092
   2.59608   0.517096    0.51886
   2.66572    0.45622   0.458111
   2.73537   0.393127   0.395141
   2.80502   0.328125   0.330256
   2.87467   0.261529   0.263769
   2.94431   0.193663   0.196003
   3.01396   0.124856   0.127287
   3.08361  0.0554417  0.0579535
   3.14159 -0.00255602 1.22465e-16

 
 #Here begins the SIR model data, for Population=5.5e6, Time=10days and People within contact 15.
         0 5.26461e+06        661     234728
  0.333333 5.26422e+06    1020.84     234755
   1.08407 5.26257e+06    2557.56     234870
   2.20269 5.2554e+06    9227.65     235370
   2.77143 5.24504e+06    18870.7     236094
   3.12887 5.2331e+06    29967.7     236928
   3.38207 5.22047e+06    41717.2     237815
   3.58852 5.20655e+06    54659.7     238794
   3.75941 5.19181e+06    68360.9     239833
   3.91213 5.17556e+06    83456.8     240982
   4.04676 5.15833e+06    99466.8     242205
   4.16599 5.14037e+06     116144     243483
   4.27275 5.12181e+06     133378     244809
   4.36947 5.1027e+06     151123     246180
   4.45803 5.08304e+06     169363     247595
   4.54378 5.06184e+06     189031     249127
    4.6213 5.04065e+06     208685     250666
   4.69625 5.01817e+06     229525     252304
     4.768 4.99466e+06     251316     254026
   4.83636 4.9703e+06     273878     255818
   4.90137 4.94524e+06     297085     257671
   4.96321 4.91957e+06     320846     259580
   5.02211 4.89336e+06     345103     261538
   5.07834 4.86664e+06     369818     263546
   5.13214 4.83943e+06     394968     265601
   5.18375 4.81176e+06     420539     267704
   5.23338 4.78362e+06     446526     269854
   5.28124 4.75502e+06     472927     272053
   5.32749 4.72596e+06     499742     274301
   5.37229 4.69642e+06     526977     276599
   5.41577 4.66642e+06     554635     278949
   5.45806 4.63593e+06     582722     281353
   5.49926 4.60495e+06     611244     283811
   5.53947 4.57347e+06     640208     286326
   5.57878 4.54148e+06     669624     288899
   5.61727 4.50897e+06     699498     291533
   5.65501 4.47593e+06     729840     294230
   5.69207 4.44235e+06     760662     296991
   5.72852 4.40821e+06     791973     299820
   5.76441 4.3735e+06     823786     302718
   5.79979 4.3382e+06     856115     305689
   5.83473 4.30229e+06     888974     308737
   5.86926 4.26576e+06     922381     311863
   5.90344 4.22857e+06     956352     315073
   5.93731 4.19072e+06     990909     318370
   5.97092 4.15217e+06 1.02607e+06     321759
   6.00431 4.11288e+06 1.06187e+06     325244
   6.03753 4.07284e+06 1.09833e+06     328831
   6.07062 4.03199e+06 1.13548e+06     332527
   6.10363 3.99031e+06 1.17336e+06     336337
   6.13661 3.94773e+06  1.212e+06     340270
   6.16962 3.90421e+06 1.25145e+06     344334
   6.20269 3.85969e+06 1.29177e+06     348539
   6.23589 3.8141e+06  1.333e+06     352896
   6.26928 3.76736e+06 1.37522e+06     357417
   6.30293 3.71938e+06 1.41851e+06     362117
   6.33691 3.67004e+06 1.46294e+06     367012
   6.37131 3.61924e+06 1.50864e+06     372123
   6.40623 3.56681e+06 1.55571e+06     377472
   6.44178 3.51259e+06 1.60432e+06     383089
    6.4781 3.45635e+06 1.65464e+06     389006
   6.51535 3.39784e+06 1.70689e+06     395267
   6.55374 3.33671e+06 1.76137e+06     401922
   6.59351 3.27255e+06 1.81841e+06     409041
   6.63501 3.2048e+06 1.87849e+06     416711
   6.67868 3.13269e+06 1.94225e+06     425054
   6.72516 3.05519e+06 2.01057e+06     434239
   6.77535 2.97073e+06 2.08475e+06     444516
   6.83069 2.87693e+06 2.16679e+06     456278
   6.89341 2.77002e+06 2.25982e+06     470161
   6.96651 2.64511e+06 2.36781e+06     487077
   7.04845 2.50539e+06 2.48764e+06     506972
   7.11474 2.39312e+06 2.5831e+06     523781
   7.16952 2.30117e+06 2.66068e+06     538145
   7.21917 2.2187e+06 2.72977e+06     551528
   7.26427 2.14461e+06 2.79141e+06     563981
   7.30782 2.07394e+06 2.84979e+06     576267
    7.3494 2.00736e+06 2.90441e+06     588231
   7.38899 1.94486e+06 2.95531e+06     599830
   7.42674 1.8861e+06 3.00282e+06     611078
    7.4629 1.83067e+06 3.04731e+06     622017
    7.4977 1.77813e+06 3.08917e+06     632694
   7.53135 1.72811e+06 3.12874e+06     643158
   7.56405 1.68027e+06 3.16628e+06     653452
   7.59596 1.63435e+06 3.20204e+06     663612
   7.62721 1.59012e+06 3.23621e+06     673673
   7.65792 1.54739e+06 3.26895e+06     683660
   7.68817 1.50602e+06 3.30038e+06     693599
   7.71806 1.46587e+06 3.33063e+06     703508
   7.74764 1.42683e+06 3.35976e+06     713405
   7.77698 1.38882e+06 3.38787e+06     723305
   7.80614 1.35176e+06 3.41501e+06     733223
   7.83515 1.31559e+06 3.44124e+06     743169
   7.86406 1.28025e+06 3.4666e+06     753155
   7.89291 1.24568e+06 3.49113e+06     763192
   7.92173 1.21185e+06 3.51486e+06     773288
   7.95055 1.17872e+06 3.53783e+06     783453
   7.97941 1.14626e+06 3.56005e+06     793694
   8.00833 1.11443e+06 3.58155e+06     804021
   8.03734 1.0832e+06 3.60236e+06     814441
   8.06646 1.05257e+06 3.62247e+06     824962
   8.09572 1.02249e+06 3.64191e+06     835592
   8.12515     992965 3.6607e+06     846338
   8.15477     963962 3.67883e+06     857209
   8.18461     935471 3.69632e+06     868211
   8.21468     907477 3.71317e+06     879352
   8.24501     879966 3.72939e+06     890641
   8.27564     852928 3.74499e+06     902086
   8.30657     826350 3.75996e+06     913695
   8.33784     800224 3.7743e+06     925476
   8.36948     774541 3.78802e+06     937439
   8.40151     749293 3.80111e+06     949593
   8.43395     724471 3.81358e+06     961947
   8.46685     700071 3.82542e+06     974511
   8.50022     676085 3.83662e+06     987296
    8.5341     652509 3.84718e+06 1.00031e+06
   8.56852     629337 3.85709e+06 1.01357e+06
   8.60352     606566 3.86634e+06 1.02709e+06
   8.63913     584191 3.87493e+06 1.04087e+06
   8.67539     562209 3.88285e+06 1.05494e+06
   8.71235     540617 3.89008e+06 1.0693e+06
   8.75004     519412 3.89661e+06 1.08398e+06
   8.78851     498593 3.90242e+06 1.09898e+06
   8.82782     478158 3.90751e+06 1.11433e+06
   8.86801     458104 3.91185e+06 1.13005e+06
   8.90914     438432 3.91542e+06 1.14614e+06
   8.95128     419140 3.91821e+06 1.16265e+06
   8.99448     400228 3.92019e+06 1.17959e+06
   9.03884     381696 3.92133e+06 1.19698e+06
   9.08441     363544 3.92161e+06 1.21485e+06
   9.13129     345772 3.92099e+06 1.23323e+06
   9.17958     328382 3.91945e+06 1.25216e+06
   9.22937     311374 3.91695e+06 1.27167e+06
   9.28078     294750 3.91345e+06 1.2918e+06
   9.33393     278512 3.9089e+06 1.31259e+06
   9.38897     262661 3.90325e+06 1.33409e+06
   9.44604     247200 3.89645e+06 1.35635e+06
   9.50532     232132 3.88844e+06 1.37943e+06
   9.56701     217460 3.87915e+06 1.40339e+06
   9.63132     203187 3.86851e+06 1.4283e+06
   9.69849     189318 3.85643e+06 1.45425e+06
   9.76882     175856 3.84282e+06 1.48132e+06
   9.84261     162806 3.82757e+06 1.50963e+06
   9.92024     150174 3.81055e+06 1.53928e+06
   10.0021     137966 3.79162e+06 1.57041e+06
   10.0888     126187 3.77063e+06 1.60318e+06
   10.1808     114846 3.74738e+06 1.63777e+06
   10.2789     103951 3.72166e+06 1.67439e+06
   10.3838    93511.2 3.6932e+06 1.71329e+06
   10.4965    83538.2 3.66172e+06 1.75475e+06
   10.6182      74045 3.62685e+06 1.79911e+06
   10.7504    65047.6 3.58817e+06 1.84678e+06
   10.8946      56566 3.54521e+06 1.89822e+06
   11.0529    48625.3 3.49742e+06 1.95396e+06
   11.2274    41258.5 3.44419e+06 2.01455e+06
   11.4207    34508.1 3.38496e+06 2.08053e+06
   11.6345    28426.9 3.31935e+06 2.15222e+06
     11.87    23071.9 3.24739e+06 2.22954e+06
   12.1261      18488 3.16981e+06 2.3117e+06
   12.3998    14681.8  3.088e+06 2.39732e+06
   12.6866    11606.6 3.00373e+06 2.48467e+06
   12.9822    9171.31 2.91863e+06 2.5722e+06
   13.2834    7264.54 2.83392e+06 2.65882e+06
   13.5881    5777.65 2.75034e+06 2.74388e+06
   13.8955    4617.04 2.66825e+06 2.82713e+06
   14.2053    3707.57 2.58775e+06 2.90854e+06
   14.5179    2991.09 2.50883e+06 2.98818e+06
   14.8339     2423.4 2.43137e+06 3.06621e+06
   15.1538    1971.08 2.35527e+06 3.14276e+06
   15.4785    1608.81 2.28039e+06  3.218e+06
   15.8086    1317.28 2.20664e+06 3.29205e+06
   16.1449    1081.69 2.13391e+06 3.36501e+06
    16.488    890.588 2.06214e+06 3.43697e+06
   16.8386    735.062 1.99126e+06  3.508e+06
   17.1974    608.106 1.92122e+06 3.57817e+06
    17.565    504.193 1.85199e+06 3.6475e+06
   17.9422     418.93 1.78355e+06 3.71604e+06
   18.3296    348.812 1.71586e+06 3.78379e+06
   18.7279    291.027 1.64893e+06 3.85078e+06
   19.1379    243.311 1.58276e+06  3.917e+06
   19.5604    203.835 1.51734e+06 3.98246e+06
   19.9962    171.118 1.45269e+06 4.04714e+06
   20.4462    143.954 1.38881e+06 4.11104e+06
   20.9113    121.364 1.32574e+06 4.17414e+06
   21.3927    102.544 1.26348e+06 4.23642e+06
   21.8913    86.8409 1.20207e+06 4.29785e+06
   22.4084    73.7159 1.14153e+06 4.3584e+06
   22.9452    62.7279 1.0819e+06 4.41804e+06
   23.5033    53.5138 1.02322e+06 4.47673e+06
   24.0841    45.7746     965522 4.53443e+06
   24.6894    39.2633     908855 4.59111e+06
    25.321    33.7759     853263 4.6467e+06
   25.9812    29.1437     798797 4.70117e+06
   26.6722    25.2268     745510 4.75446e+06
   27.3967    21.9091     693457 4.80652e+06
   28.1577    19.0943     642699 4.85728e+06
   28.9585    16.7021     593297 4.90669e+06
   29.8028    14.6658     545317 4.95467e+06
   30.6952    12.9296     498828 5.00116e+06
   31.6405    11.4472     453902 5.04609e+06
   32.6447    10.1797     410613 5.08938e+06
   33.7144    9.09466     369040 5.13095e+06
   34.8576    8.16481     329265 5.17073e+06
   36.0836    7.36742     291370 5.20862e+06
   37.4039    6.68339     255442 5.24455e+06
   38.8318    6.09671     221572 5.27842e+06
    40.384    5.59398     189849 5.31015e+06
   42.0809    5.16394     160367 5.33963e+06
   43.9482    4.79719     133218 5.36678e+06
   46.0186    4.48586     108492 5.3915e+06
   48.3344    4.22339    86277.1 5.41372e+06
   50.9515     4.0043    66652.1 5.43334e+06
   53.9458    3.82402    49682.5 5.45031e+06
   57.4228    3.67869    35411.4 5.46458e+06
   61.5337    3.56496    23846.3 5.47615e+06
   66.5042    3.47976    14939.2 5.48506e+06
   72.6851    3.41997    8559.17 5.49144e+06
   80.6484    3.38207    4457.11 5.49554e+06
   91.3744    3.36175    2240.29 5.49776e+06
       100     3.3517    1141.31 5.49886e+06

 
 #Here begins the SIR model data, for Population=5.5e6, Time=10days and People within contact 10.
         0 5.26461e+06        661     234728
  0.333333 5.26437e+06    876.849     234753
   1.26524 5.26328e+06    1856.94     234868
   2.91627 5.25827e+06    6341.48     235391
   4.22186 5.24594e+06    17380.4     236682
   4.88007 5.23197e+06      29878     238147
   5.33612 5.21652e+06    43709.6     239774
   5.69811 5.19923e+06    59170.9     241599
   5.99067 5.18087e+06    75585.2     243545
   6.23577 5.16165e+06    92760.5     245588
   6.45697 5.14065e+06     111521     247830
   6.65424 5.11844e+06     131351     250212
   6.83088 5.09531e+06     151987     252702
   6.99054 5.0714e+06     173312     255289
   7.13635 5.04676e+06     195275     257967
   7.27739 5.0201e+06     219023     260880
   7.40458 4.99342e+06     242767     263810
   7.52744 4.96508e+06     267982     266940
   7.64498 4.93538e+06     294376     270239
   7.75692 4.90459e+06     321729     273681
   7.86335 4.87287e+06     349884     277250
   7.96461 4.84033e+06     378732     280934
   8.06111 4.80707e+06     408205     284726
    8.1533 4.77312e+06     438258     288624
   8.24163 4.73851e+06     468867     292626
    8.3265 4.70324e+06     500022     296734
   8.40828 4.66733e+06     531720     300949
    8.4873 4.63076e+06     563964     305275
   8.56386 4.59352e+06     596762     309716
   8.63822 4.5556e+06     630125     314274
   8.71062 4.51698e+06     664065     318957
   8.78127 4.47763e+06     698598     323768
   8.85036 4.43755e+06     733738     328713
   8.91806 4.39669e+06     769506     333800
   8.98454 4.35504e+06     805921     339034
   9.04994 4.31257e+06     843006     344424
    9.1144 4.26924e+06     880785     349978
   9.17806 4.22501e+06     919288     355706
   9.24103 4.17984e+06     958546     361617
   9.30345 4.13368e+06     998594     367723
   9.36544 4.08649e+06 1.03947e+06     374038
   9.42711 4.0382e+06 1.08123e+06     380576
   9.48859 3.98874e+06 1.12391e+06     387353
   9.55001 3.93803e+06 1.16758e+06     394389
   9.61151 3.88599e+06 1.2123e+06     401705
   9.67322 3.83251e+06 1.25817e+06     409327
   9.73531 3.77746e+06 1.30526e+06     417283
   9.79795 3.7207e+06 1.35369e+06     425609
   9.86133 3.66206e+06 1.4036e+06     434346
   9.92568 3.60132e+06 1.45513e+06     443543
   9.99127 3.53825e+06 1.50849e+06     453260
   10.0584 3.47252e+06 1.56391e+06     463572
   10.1275 3.40374e+06 1.62169e+06     474574
    10.199 3.33141e+06 1.6822e+06     486386
   10.2736 3.25487e+06 1.74596e+06     499168
   10.3521 3.17324e+06 1.81363e+06     513136
   10.4356 3.08529e+06 1.88612e+06     528592
   10.5259 2.98933e+06 1.9647e+06     545968
    10.625 2.88303e+06 2.05109e+06     565878
   10.7356 2.76387e+06 2.14704e+06     589089
   10.8574 2.63238e+06 2.25173e+06     615893
    10.976 2.50497e+06 2.35186e+06     643176
   11.0753 2.39903e+06 2.43403e+06     666941
    11.165 2.30421e+06 2.50667e+06     689119
    11.246 2.2197e+06 2.57063e+06     709671
   11.3239 2.13939e+06 2.63068e+06     729940
   11.3941 2.06806e+06 2.68335e+06     748589
   11.4619 2.00008e+06 2.73295e+06     766973
   11.5273 1.93565e+06 2.77937e+06     784984
   11.5902 1.87461e+06 2.82278e+06     802606
   11.6509 1.8167e+06 2.86343e+06     819867
   11.7097 1.76157e+06 2.90161e+06     836816
   11.7668 1.70892e+06 2.93757e+06     853507
   11.8226 1.65846e+06 2.97155e+06     869994
   11.8773 1.60994e+06 3.00374e+06     886325
    11.931 1.56315e+06 3.0343e+06     902546
    11.984 1.51793e+06 3.06338e+06     918694
   12.0363 1.47412e+06 3.09108e+06     934804
   12.0882 1.43159e+06 3.11751e+06     950906
   12.1397 1.39024e+06 3.14273e+06     967025
   12.1909 1.34999e+06 3.16682e+06     983187
    12.242 1.31075e+06 3.18984e+06     999412
   12.2929 1.27246e+06 3.21182e+06 1.01572e+06
   12.3438 1.23506e+06 3.23281e+06 1.03213e+06
   12.3948 1.1985e+06 3.25284e+06 1.04866e+06
   12.4459 1.16273e+06 3.27195e+06 1.06532e+06
   12.4971 1.12772e+06 3.29014e+06 1.08214e+06
   12.5486 1.09344e+06 3.30744e+06 1.09912e+06
   12.6004 1.05984e+06 3.32387e+06 1.11629e+06
   12.6525 1.02692e+06 3.33944e+06 1.13365e+06
    12.705     994628 3.35415e+06 1.15122e+06
   12.7579     962958 3.36802e+06 1.16902e+06
   12.8114     931887 3.38105e+06 1.18706e+06
   12.8654     901397 3.39324e+06 1.20536e+06
     12.92     871471 3.40459e+06 1.22393e+06
   12.9754     842096 3.41511e+06 1.2428e+06
   13.0314     813257 3.42478e+06 1.26197e+06
   13.0882     784944 3.4336e+06 1.28146e+06
   13.1459     757144 3.44156e+06 1.3013e+06
   13.2046     729850 3.44866e+06 1.32149e+06
   13.2642     703050 3.45488e+06 1.34207e+06
   13.3249     676739 3.4602e+06 1.36306e+06
   13.3867     650909 3.46463e+06 1.38447e+06
   13.4498     625553 3.46812e+06 1.40632e+06
   13.5141     600666 3.47067e+06 1.42866e+06
   13.5799     576243 3.47226e+06 1.4515e+06
   13.6472     552279 3.47286e+06 1.47487e+06
   13.7161     528771 3.47243e+06 1.4988e+06
   13.7868     505715 3.47096e+06 1.52333e+06
   13.8593     483109 3.4684e+06 1.54849e+06
   13.9338     460951 3.46473e+06 1.57432e+06
   14.0105     439238 3.45989e+06 1.60087e+06
   14.0895     417969 3.45385e+06 1.62818e+06
    14.171     397144 3.44655e+06 1.6563e+06
   14.2552     376763 3.43794e+06 1.68529e+06
   14.3423     356825 3.42796e+06 1.71521e+06
   14.4327     337331 3.41654e+06 1.74613e+06
   14.5265     318283 3.4036e+06 1.77812e+06
    14.624     299682 3.38905e+06 1.81126e+06
   14.7257     281531 3.37282e+06 1.84565e+06
    14.832     263833 3.35477e+06 1.88139e+06
   14.9432     246590 3.33481e+06 1.9186e+06
   15.0599     229809 3.31279e+06 1.9574e+06
   15.1828     213495 3.28856e+06 1.99795e+06
   15.3124     197655 3.26195e+06 2.0404e+06
   15.4495     182297 3.23276e+06 2.08495e+06
   15.5952     167432 3.20077e+06 2.1318e+06
   15.7503     153074 3.16573e+06 2.18119e+06
   15.9162     139239 3.12737e+06 2.23339e+06
   16.0942     125950 3.08536e+06 2.28869e+06
   16.2858     113234 3.0394e+06 2.34737e+06
   16.4927     101127 2.98914e+06 2.40974e+06
   16.7166    89677.9 2.93428e+06 2.47604e+06
   16.9589    78943.6 2.87463e+06 2.54643e+06
   17.2207      68993 2.81016e+06 2.62084e+06
   17.5022    59897.9 2.74114e+06 2.69896e+06
   17.8023    51718.8 2.66814e+06 2.78014e+06
   18.1191    44487.6 2.59207e+06 2.86344e+06
   18.4496    38194.3 2.51399e+06 2.94781e+06
    18.791    32786.3 2.43493e+06 3.03228e+06
   19.1408    28179.4 2.35577e+06 3.11605e+06
   19.4972    24273.3 2.27714e+06 3.19859e+06
   19.8591    20966.5 2.19945e+06 3.27958e+06
   20.2263    18164.5 2.12293e+06 3.35891e+06
   20.5987    15784.7 2.04767e+06 3.43655e+06
   20.9768    13756.9 1.97369e+06 3.51255e+06
   21.3613      12023 1.90097e+06 3.58701e+06
   21.7528    10535.1 1.82945e+06 3.66001e+06
   22.1523    9253.92 1.75908e+06 3.73166e+06
   22.5606    8147.11 1.68981e+06 3.80204e+06
   22.9786    7188.14 1.62159e+06 3.87122e+06
   23.4073    6355.02 1.55438e+06 3.93927e+06
   23.8476    5629.49 1.48815e+06 4.00622e+06
   24.3006    4996.25 1.42287e+06 4.07213e+06
   24.7674    4442.47 1.35855e+06 4.13701e+06
    25.249     3957.3 1.29517e+06 4.20088e+06
   25.7466    3531.53 1.23274e+06 4.26373e+06
   26.2615    3157.33 1.17126e+06 4.32558e+06
    26.795    2827.99 1.11077e+06 4.3864e+06
   27.3484    2537.76 1.05127e+06 4.44619e+06
   27.9235    2281.69     992802 4.50492e+06
   28.5219     2055.5     935393 4.56255e+06
   29.1454     1855.5     879082 4.61906e+06
   29.7961    1678.49     823911 4.67441e+06
   30.4763    1521.67     769925 4.72855e+06
   31.1885    1382.64     717175 4.78144e+06
   31.9356    1259.28     665714 4.83303e+06
   32.7208    1149.75     615601 4.88325e+06
   33.5477    1052.46     566897 4.93205e+06
   34.4204    965.985     519666 4.97937e+06
   35.3436     889.11     473977 5.02513e+06
   36.3228     820.76     429901 5.06928e+06
   37.3643    759.994     387515 5.11173e+06
   38.4756    705.992     346896 5.1524e+06
   39.6653    658.034     308125 5.19122e+06
   40.9438    615.491     271289 5.2281e+06
   42.3236    577.814     236473 5.26295e+06
   43.8199    544.527     203768 5.29569e+06
   45.4512    515.211     173264 5.32622e+06
   47.2408    489.508     145055 5.35446e+06
   49.2179    467.104     119231 5.3803e+06
   51.4202    447.731    95881.3 5.40367e+06
    53.897    431.157    75088.7 5.42448e+06
   56.7143    417.181    56925.4 5.44266e+06
   59.9629    405.628    41445.6 5.45815e+06
   63.7712    396.338    28674.5 5.47093e+06
   68.3271    389.153    18591.5 5.48102e+06
   73.9173    383.904    11106.7 5.48851e+06
   80.9991    380.381    6027.82 5.49359e+06
   90.3397    378.315    3027.26 5.49659e+06
       100    377.278    1515.44 5.49811e+06

 
 #Here begins the SIR model data, for Population=5.5e6, Time=10days and People within contact 5.
         0 5.26461e+06        661     234728
  0.333333 5.2645e+06    749.681     234751
   1.70686 5.26388e+06    1240.85     234881
   4.93176 5.26079e+06    3679.59     235526
   9.77881 5.24446e+06    16596.9     238944
   11.6575 5.22436e+06    32474.2     243166
   12.8964 5.20086e+06    51018.4     248123
   13.7907 5.17574e+06    70810.9     253446
   14.5253  5.148e+06    92642.6     259356
   15.1373 5.11855e+06     115781     265664
   15.6865 5.08609e+06     141249     272661
   16.1734 5.0516e+06     168258     280145
   16.6073 5.01557e+06     196413     288015
   16.9986 4.97822e+06     225540     296235
   17.3556 4.93963e+06     255579     304795
    17.701 4.89777e+06     288077     314154
   18.0133 4.85572e+06     320641     323636
   18.3153 4.81097e+06     355214     333820
    18.605 4.76398e+06     391403     344612
   18.8819 4.71514e+06     428917     355947
   19.1463 4.66466e+06     467558     367784
   19.3994 4.6127e+06     507197     380103
   19.6423 4.55934e+06     547760     392900
   19.8762 4.50461e+06     589211     406182
   20.1023 4.44849e+06     631542     419969
   20.3217 4.39095e+06     674764     434288
   20.5354 4.33192e+06     718905     449172
   20.7445 4.27134e+06     764002     464663
   20.9497 4.20909e+06     810105     480809
   21.1521 4.14506e+06     857272     497667
   21.3522 4.07912e+06     905573     515303
   21.5511 4.01112e+06     955090     533793
   21.7494 3.94085e+06 1.00592e+06     553230
    21.948 3.86811e+06 1.05817e+06     573721
   22.1478 3.79262e+06 1.11199e+06     595397
   22.3498 3.71407e+06 1.16752e+06     618415
   22.5551 3.63207e+06 1.22497e+06     642968
    22.765 3.54615e+06 1.28456e+06     669297
   22.9809 3.45574e+06 1.34656e+06     697700
   23.2046 3.36014e+06 1.41131e+06     728552
   23.4382 3.25857e+06 1.47912e+06     762309
   23.6838 3.15021e+06 1.55029e+06     799503
   23.9429 3.03454e+06 1.62482e+06     840642
   24.2152 2.91209e+06 1.70197e+06     885943
   24.4961 2.7854e+06 1.77974e+06     934858
   24.7766 2.65918e+06 1.85496e+06     985864
   25.0311 2.5455e+06 1.92058e+06 1.03392e+06
   25.2625 2.44319e+06 1.97777e+06 1.07904e+06
    25.486 2.34569e+06 2.03047e+06 1.12384e+06
   25.6876 2.25903e+06 2.07572e+06 1.16525e+06
   25.8827 2.17656e+06 2.11728e+06 1.20616e+06
   26.0704 2.09863e+06 2.1551e+06 1.24627e+06
    26.251 2.02509e+06 2.1894e+06 1.28551e+06
   26.4253 1.95557e+06 2.22049e+06 1.32394e+06
    26.594 1.88966e+06 2.24868e+06 1.36165e+06
   26.7582 1.82694e+06 2.27427e+06 1.39879e+06
   26.9187 1.76701e+06 2.29751e+06 1.43548e+06
   27.0762 1.70956e+06 2.3186e+06 1.47184e+06
   27.2314 1.65431e+06 2.33771e+06 1.50798e+06
   27.3849 1.60101e+06 2.35498e+06 1.54401e+06
   27.5372 1.54947e+06 2.37052e+06 1.58001e+06
   27.6888 1.49953e+06 2.38442e+06 1.61606e+06
   27.8401 1.45103e+06 2.39674e+06 1.65222e+06
   27.9914 1.40387e+06 2.40755e+06 1.68857e+06
   28.1431 1.35794e+06 2.41689e+06 1.72517e+06
   28.2955 1.31316e+06 2.42478e+06 1.76206e+06
   28.4489 1.26944e+06 2.43125e+06 1.79932e+06
   28.6036 1.22672e+06 2.4363e+06 1.83698e+06
   28.7599 1.18495e+06 2.43996e+06 1.8751e+06
   28.9181 1.14406e+06 2.44221e+06 1.91373e+06
   29.0786 1.10403e+06 2.44306e+06 1.95292e+06
   29.2415 1.0648e+06 2.44248e+06 1.99272e+06
   29.4072 1.02634e+06 2.44046e+06 2.03319e+06
   29.5761     988628 2.43698e+06 2.07439e+06
   29.7485     951625 2.43201e+06 2.11636e+06
   29.9248     915309 2.42552e+06 2.15917e+06
   30.1053     879658 2.41745e+06 2.20289e+06
   30.2904     844653 2.40778e+06 2.24757e+06
   30.4808     810275 2.39643e+06 2.29329e+06
   30.6767     776512 2.38336e+06 2.34013e+06
   30.8788     743349 2.36849e+06 2.38816e+06
   31.0877     710777 2.35176e+06 2.43747e+06
    31.304     678788 2.33307e+06 2.48815e+06
   31.5285     647377 2.31233e+06 2.54029e+06
   31.7619     616542 2.28946e+06  2.594e+06
   32.0051     586285 2.26433e+06 2.64939e+06
   32.2591     556611 2.23683e+06 2.70656e+06
   32.5249     527530 2.20685e+06 2.76562e+06
   32.8037     499057 2.17424e+06 2.8267e+06
   33.0967     471216 2.13889e+06 2.8899e+06
   33.4052     444037 2.10066e+06 2.95531e+06
   33.7306     417561 2.05944e+06  3.023e+06
   34.0742     391840 2.01515e+06 3.09301e+06
   34.4373     366937 1.96774e+06 3.16532e+06
    34.821     342928 1.91722e+06 3.23985e+06
   35.2261     319898 1.86367e+06 3.31643e+06
   35.6529     297936 1.80728e+06 3.39478e+06
   36.1016     277129 1.74833e+06 3.47454e+06
   36.5716     257553 1.68719e+06 3.55526e+06
   37.0619     239260 1.6243e+06 3.63644e+06
   37.5716     222276 1.56015e+06 3.71758e+06
   38.0994     206596 1.49521e+06 3.79819e+06
   38.6444     192184 1.42994e+06 3.87788e+06
   39.2059     178983 1.36472e+06 3.9563e+06
   39.7835     166916 1.29987e+06 4.03322e+06
   40.3772     155900 1.23565e+06 4.10845e+06
   40.9876     145847 1.17225e+06 4.1819e+06
   41.6155     136672 1.10983e+06 4.2535e+06
    42.262     128292 1.04849e+06 4.32322e+06
   42.9286     120632     988315 4.39105e+06
    43.617     113623     929373  4.457e+06
   44.3292     107203     871716 4.52108e+06
   45.0674     101318     815390 4.58329e+06
   45.8343      95917     760440 4.64364e+06
   46.6326    90957.3     706907 4.70214e+06
   47.4655    86400.2     654836 4.75876e+06
   48.3365    82211.2     604273 4.81352e+06
   49.2498      78360     555269 4.86637e+06
   50.2099    74819.6     507876 4.9173e+06
    51.222    71566.1     462152 4.96628e+06
   52.2921    68578.2     418158 5.01326e+06
   53.4272    65836.8     375959 5.0582e+06
   54.6355    63325.3     335623 5.10105e+06
   55.9266    61028.7     297224 5.14175e+06
   57.3119    58933.7     260838 5.18023e+06
   58.8052    57028.6     226544 5.21643e+06
   60.4233    55303.3     194426 5.25027e+06
   62.1867    53748.5     164566 5.28169e+06
   64.1212    52356.5     137051 5.31059e+06
   66.2596    51120.3     111965 5.33691e+06
   68.6441      50034    89388.8 5.36058e+06
   71.3302    49092.2    69397.8 5.38151e+06
   74.3929    48290.3    52054.6 5.39966e+06
   77.9361    47623.3    37401.8 5.41497e+06
   82.1077    47086.5    25449.5 5.42746e+06
    87.127    46673.4    16157.3 5.43717e+06
    93.332    46375.8    9407.79 5.44422e+06
       100    46196.3    5317.46 5.44849e+06
